0.0
0.0
0.0
0.0
0.0
0.0
0.0
0.0
0.0
0.0
0.0
0.0
0.0
0.0
0.0
0.0
1.0
2.0
3.0
4.0
5.0
6.0
7.0
8.0
9.0
10.0
11.0
12.0
13.0
14.0
15.0
16.0
17.0
18.0
19.0
20.0
21.0
22.0
23.0
24.0
25.0
26.0
28.0
30.0
33.0
37.0
41.0
47.0
53.0
59.0
64.0
71.0
80.0
91.0
102.0
116.0
130.0
146.0
164.0
185.0
209.0
233.0
257.0
283.0
310.0
337.0
365.0
395.0
425.0
457.0
490.0
524.0
559.0
594.0
630.0
666.0
702.0
739.0
777.0
815.0
855.0
895.0
937.0
979.0
1022.0
1066.0
1112.0
1159.0
1206.0
1255.0
1287.0
1308.0
1322.0
1330.0
1333.0
1334.0
1335.0
1336.0
1337.0
1338.0
1340.0
1342.0
1344.0
1346.0
1350.0
1354.0
1320.0
1325.0
1330.0
1338.0
1347.0
1356.0
1365.0
1375.0
1386.0
1399.0
1411.0
1423.0
1436.0
1449.0
1461.0
1472.0
1483.0
1493.0
1503.0
1514.0
1528.0
1545.0
1563.0
1583.0
1602.0
1623.0
1646.0
1671.0
1698.0
1723.0
1750.0
1778.0
1807.0
1838.0
1864.0
1889.0
1900.0
1927.0
1954.0
1983.0
2013.0
2032.0
2063.0
2095.0
2129.0
2162.0
2194.0
2226.0
2258.0
2289.0
2321.0
2352.0
2382.0
2383.0
2391.0
2378.0
2408.0
2440.0
2473.0
2508.0
2542.0
2575.0
2608.0
2640.0
2646.0
2676.0
2705.0
2698.0
2727.0
2757.0
2790.0
2825.0
2862.0
2902.0
2920.0
2925.0
2918.0
2905.0
2888.0
2868.0
2847.0
2824.0
2800.0
2775.0
2718.0
2717.0
2725.0
2737.0
2756.0
2778.0
2756.0
2781.0
2807.0
2833.0
2856.0
2878.0
2900.0
2921.0
2899.0
2921.0
2941.0
2928.0
2924.0
2942.0
2959.0
2965.0
2982.0
2999.0
3015.0
3026.0
3043.0
3022.0
3043.0
3062.0
3085.0
3110.0
3141.0
3176.0
3213.0
3247.0
3283.0
3322.0
3363.0
3403.0
3437.0
3461.0
3483.0
3504.0
3525.0
3550.0
3574.0
3598.0
3623.0
3649.0
3679.0
3709.0
3739.0
3769.0
3800.0
3832.0
3865.0
3868.0
3905.0
3942.0
3948.0
3988.0
3980.0
4015.0
4057.0
4099.0
4107.0
4148.0
4190.0
4233.0
4232.0
4250.0
4279.0
4320.0
4368.0
4415.0
4464.0
4497.0
4518.0
4572.0
4576.0
4577.0
4567.0
4553.0
4539.0
4524.0
4509.0
4494.0
4479.0
4465.0
4467.0
4385.0
4376.0
4407.0
4415.0
4452.0
4488.0
4524.0
4560.0
4595.0
4632.0
4668.0
4650.0
4691.0
4727.0
4718.0
4701.0
4732.0
4763.0
4718.0
4750.0
4783.0
4767.0
4802.0
4814.0
4848.0
4808.0
4833.0
4812.0
4845.0
4873.0
4882.0
4949.0
5017.0
5089.0
5153.0
5213.0
5280.0
5345.0
5414.0
5475.0
5527.0
5569.0
5605.0
5643.0
5680.0
5713.0
5747.0
5783.0
5769.0
5815.0
5789.0
5778.0
5720.0
5784.0
5772.0
5837.0
5895.0
5962.0
5956.0
6026.0
6093.0
6128.0
6196.0
6268.0
6296.0
6369.0
6440.0
6509.0
6576.0
6644.0
6684.0
6670.0
6731.0
6769.0
6837.0
6911.0
6973.0
7003.0
7088.0
7130.0
7161.0
7163.0
7169.0
7170.0
7172.0
7171.0
7118.0
7073.0
7066.0
7028.0
7057.0
7024.0
7065.0
7091.0
7126.0
7160.0
7187.0
7227.0
7268.0
7309.0
7344.0
7379.0
7413.0
7448.0
7483.0
7520.0
7556.0
7593.0
7607.0
7552.0
7542.0
7582.0
7518.0
7513.0
7561.0
7567.0
7569.0
7570.0
7623.0
7549.0
7603.0
7621.0
7627.0
7687.0
7725.0
7741.0
7798.0
7856.0
7914.0
7923.0
7961.0
7964.0
7997.0
8025.0
8058.0
8095.0
8129.0
8162.0
8135.0
8170.0
8117.0
8165.0
8140.0
8115.0
8172.0
8210.0
8216.0
8277.0
8283.0
8351.0
8415.0
8464.0
8442.0
8505.0
8570.0
8633.0
8696.0
8761.0
8817.0
8882.0
8953.0
8992.0
9066.0
9043.0
9065.0
9136.0
9207.0
9280.0
9357.0
9395.0
9381.0
9379.0
9365.0
9348.0
9326.0
9302.0
9170.0
9144.0
9065.0
8903.0
8810.0
8824.0
8810.0
8770.0
8771.0
8731.0
8757.0
8675.0
8587.0
8618.0
8652.0
8587.0
8543.0
8476.0
8484.0
8514.0
8547.0
8581.0
8612.0
8648.0
8609.0
8647.0
8623.0
8662.0
8661.0
8699.0
8660.0
8671.0
8716.0
8711.0
8764.0
8821.0
8849.0
8884.0
8946.0
9010.0
9077.0
9148.0
9219.0
9281.0
9327.0
9373.0
9415.0
9453.0
9491.0
9526.0
9559.0
9594.0
9572.0
9510.0
9516.0
9520.0
9525.0
9523.0
9485.0
9433.0
9397.0
9364.0
9404.0
9426.0
9478.0
9442.0
9381.0
9444.0
9465.0
9505.0
9539.0
9606.0
9612.0
9644.0
9690.0
9733.0
9796.0
9832.0
9896.0
9938.0
10007.0
10041.0
10106.0
10125.0
10115.0
10093.0
10057.0
10025.0
9990.0
9952.0
9874.0
9797.0
9730.0
9661.0
9520.0
9479.0
9450.0
9334.0
9299.0
9242.0
9232.0
9218.0
9167.0
9202.0
9237.0
9260.0
9301.0
9344.0
9392.0
9422.0
9477.0
9538.0
9598.0
9636.0
9698.0
9759.0
9784.0
9812.0
9865.0
9941.0
10018.0
10035.0
10078.0
10160.0
10242.0
10286.0
10372.0
10450.0
10539.0
10614.0
10704.0
10797.0
10869.0
10953.0
10989.0
11062.0
11107.0
11151.0
11205.0
11252.0
11297.0
11334.0
11301.0
11338.0
11337.0
11382.0
11389.0
11397.0
11371.0
11379.0
11393.0
11412.0
11428.0
11446.0
11429.0
11462.0
11410.0
11473.0
11475.0
11475.0
11522.0
11533.0
11555.0
11596.0
11665.0
11707.0
11773.0
11823.0
11841.0
11873.0
11895.0
11952.0
12008.0
12012.0
11985.0
11934.0
11878.0
11814.0
11753.0
11642.0
11494.0
11430.0
11365.0
11279.0
11212.0
11153.0
11101.0
11100.0
10934.0
10766.0
10695.0
10617.0
10534.0
10542.0
10550.0
10410.0
10417.0
10334.0
10330.0
10341.0
10345.0
10364.0
10326.0
10318.0
10343.0
10284.0
10310.0
10304.0
10182.0
10152.0
10126.0
10069.0
10067.0
10028.0
10046.0
10031.0
10039.0
10057.0
10060.0
10074.0
10080.0
10068.0
10083.0
10085.0
10064.0
10058.0
10054.0
10052.0
10022.0
9996.0
9995.0
9965.0
9970.0
9804.0
9769.0
9763.0
9711.0
9713.0
9656.0
9678.0
9701.0
9728.0
9711.0
9745.0
9736.0
9775.0
9777.0
9820.0
9789.0
9839.0
9866.0
9874.0
9901.0
9928.0
9978.0
10003.0
10054.0
10081.0
10120.0
10129.0
10175.0
10224.0
10274.0
10288.0
10250.0
10222.0
10174.0
10134.0
10092.0
10043.0
9949.0
9897.0
9847.0
9780.0
9686.0
9662.0
9634.0
9640.0
9614.0
9615.0
9633.0
9633.0
9650.0
9635.0
9669.0
9691.0
9720.0
9689.0
9714.0
9748.0
9726.0
9764.0
9802.0
9838.0
9814.0
9800.0
9820.0
9859.0
9846.0
9810.0
9847.0
9875.0
9923.0
9821.0
9818.0
9813.0
9876.0
9883.0
9946.0
9968.0
10025.0
10078.0
10129.0
10124.0
10120.0
10113.0
10143.0
10174.0
10210.0
10233.0
10272.0
10309.0
10328.0
10283.0
10330.0
10340.0
10318.0
10376.0
10378.0
10437.0
10496.0
10466.0
10524.0
10580.0
10590.0
10648.0
10663.0
10728.0
10793.0
10861.0
10928.0
10971.0
11019.0
11061.0
11074.0
11151.0
11230.0
11308.0
11385.0
11460.0
11525.0
11595.0
11670.0
11702.0
11696.0
11674.0
11637.0
11591.0
11544.0
11495.0
11364.0
11310.0
11156.0
11021.0
11002.0
10943.0
10885.0
10832.0
10787.0
10750.0
10667.0
10552.0
10570.0
10546.0
10523.0
10538.0
10507.0
10523.0
10500.0
10481.0
10450.0
10431.0
10371.0
10351.0
10373.0
10359.0
10382.0
10403.0
10334.0
10309.0
10320.0
10223.0
10148.0
10035.0
10076.0
10043.0
10016.0
9989.0
10008.0
9996.0
9931.0
9895.0
9891.0
9899.0
9915.0
9912.0
9835.0
9802.0
9805.0
9812.0
9775.0
9782.0
9733.0
9694.0
9714.0
9738.0
9764.0
9754.0
9780.0
9809.0
9839.0
9788.0
9819.0
9804.0
9789.0
9816.0
9851.0
9791.0
9828.0
9827.0
9815.0
9845.0
9885.0
9892.0
9940.0
9983.0
9992.0
10028.0
10039.0
10058.0
10114.0
10169.0
10228.0
10243.0
10235.0
10213.0
10178.0
10147.0
10116.0
10079.0
10043.0
9961.0
9916.0
9834.0
9768.0
9711.0
9648.0
9650.0
9522.0
9531.0
9365.0
9385.0
9406.0
9433.0
9412.0
9438.0
9378.0
9330.0
9320.0
9300.0
9282.0
9309.0
9296.0
9170.0
9157.0
9184.0
9211.0
9195.0
9227.0
9229.0
9260.0
9252.0
9215.0
9221.0
9217.0
9255.0
9213.0
9229.0
9231.0
9235.0
9272.0
9310.0
9347.0
9344.0
9362.0
9381.0
9396.0
9408.0
9426.0
9449.0
9475.0
9504.0
9529.0
9512.0
9522.0
9488.0
9529.0
9570.0
9607.0
9628.0
9663.0
9637.0
9672.0
9646.0
9609.0
9646.0
9684.0
9727.0
9707.0
9751.0
9715.0
9723.0
9776.0
9789.0
9842.0
9901.0
9922.0
9908.0
9933.0
9992.0
10020.0
10085.0
10086.0
10078.0
10078.0
10054.0
10005.0
9936.0
9902.0
9863.0
9784.0
9747.0
9673.0
9658.0
9555.0
9561.0
9441.0
9427.0
9437.0
9372.0
9400.0
9364.0
9249.0
9280.0
9270.0
9312.0
9350.0
9344.0
9285.0
9277.0
9281.0
9312.0
9283.0
9267.0
9262.0
9240.0
9235.0
9215.0
9243.0
9270.0
9255.0
9241.0
9223.0
9170.0
9163.0
9062.0
9067.0
8986.0
9021.0
9055.0
9036.0
8975.0
9013.0
9037.0
9047.0
9055.0
9075.0
9093.0
9067.0
9101.0
9129.0
9167.0
9206.0
9251.0
9224.0
9189.0
9222.0
9241.0
9251.0
9269.0
9221.0
9269.0
9273.0
9319.0
9368.0
9326.0
9314.0
9368.0
9384.0
9375.0
9438.0
9460.0
9533.0
9609.0
9640.0
9720.0
9801.0
9883.0
9920.0
10000.0
10081.0
10134.0
10217.0
10245.0
10185.0
10173.0
10103.0
10070.0
10041.0
9963.0
9883.0
9805.0
9775.0
9713.0
9664.0
9570.0
9589.0
9577.0
9605.0
9601.0
9538.0
9494.0
9490.0
9524.0
9484.0
9518.0
9494.0
9468.0
9492.0
9449.0
9400.0
9424.0
9417.0
9412.0
9363.0
9306.0
9336.0
9287.0
9321.0
9354.0
9345.0
9331.0
9323.0
9278.0
9301.0
9299.0
9331.0
9334.0
9330.0
9355.0
9351.0
9372.0
9387.0
9409.0
9367.0
9363.0
9375.0
9387.0
9360.0
9374.0
9364.0
9383.0
9398.0
9425.0
9355.0
9355.0
9318.0
9353.0
9388.0
9420.0
9453.0
9430.0
9473.0
9474.0
9518.0
9565.0
9614.0
9634.0
9689.0
9751.0
9817.0
9884.0
9933.0
10004.0
10057.0
10122.0
10198.0
10266.0
10345.0
10423.0
10502.0
10582.0
10657.0
10690.0
10640.0
10635.0
10608.0
10548.0
10528.0
10507.0
10377.0
10357.0
10334.0
10240.0
10266.0
10260.0
10263.0
10250.0
10213.0
10076.0
10089.0
10102.0
10059.0
10066.0
10123.0
10040.0
10095.0
10147.0
10159.0
10180.0
10174.0
10149.0
10149.0
10134.0
10161.0
10212.0
10253.0
10302.0
10333.0
10382.0
10430.0
10481.0
10479.0
10467.0
10490.0
10460.0
10492.0
10463.0
10484.0
10514.0
10572.0
10577.0
10632.0
10671.0
10699.0
10684.0
10612.0
10615.0
10621.0
10628.0
10639.0
10651.0
10663.0
10573.0
10502.0
10521.0
10555.0
10535.0
10574.0
10585.0
10628.0
10613.0
10659.0
10679.0
10733.0
10786.0
10841.0
10851.0
10913.0
10980.0
11025.0
11069.0
11131.0
11195.0
11252.0
11311.0
11369.0
11431.0
11435.0
11469.0
11528.0
11587.0
11610.0
11618.0
11603.0
11549.0
11511.0
11467.0
11418.0
11369.0
11270.0
11188.0
11124.0
11018.0
10896.0
10882.0
10800.0
10745.0
10703.0
10654.0
10585.0
10514.0
10463.0
10428.0
10394.0
10326.0
10251.0
10227.0
10163.0
10172.0
10146.0
10165.0
10128.0
10060.0
10077.0
10106.0
10123.0
10142.0
10181.0
10106.0
10152.0
10161.0
10151.0
10204.0
10218.0
10275.0
10298.0
10340.0
10395.0
10444.0
10461.0
10506.0
10549.0
10577.0
10599.0
10615.0
10626.0
10640.0
10661.0
10684.0
10711.0
10743.0
10776.0
10786.0
10796.0
10808.0
10795.0
10837.0
10897.0
10860.0
10922.0
10942.0
11013.0
11012.0
11087.0
11119.0
11163.0
11241.0
11319.0
11398.0
11440.0
11487.0
11523.0
11605.0
11641.0
11679.0
11719.0
11808.0
11895.0
11981.0
12022.0
12069.0
12156.0
12197.0
12219.0
12222.0
12215.0
12201.0
12099.0
12081.0
12062.0
12037.0
11977.0
11854.0
11867.0
11784.0
11772.0
11653.0
11609.0
11467.0
11445.0
11395.0
11404.0
11421.0
11443.0
11427.0
11428.0
11477.0
11468.0
11417.0
11453.0
11483.0
11536.0
11543.0
11484.0
11338.0
11357.0
11375.0
11402.0
11386.0
11458.0
11419.0
11484.0
11520.0
11536.0
11621.0
11630.0
11723.0
11818.0
11906.0
11954.0
12037.0
12115.0
12182.0
12239.0
12288.0
12335.0
12379.0
12391.0
12441.0
12492.0
12548.0
12571.0
12546.0
12560.0
12539.0
12554.0
12577.0
12551.0
12619.0
12586.0
12603.0
12675.0
12698.0
12779.0
12813.0
12902.0
12948.0
12998.0
13041.0
13083.0
13180.0
13136.0
13236.0
13336.0
13438.0
13544.0
13605.0
13685.0
13789.0
13882.0
13934.0
14041.0
14100.0
14126.0
14138.0
14089.0
14074.0
14054.0
13977.0
13893.0
13812.0
13708.0
13651.0
13594.0
13491.0
13514.0
13417.0
13442.0
13404.0
13349.0
13346.0
13307.0
13143.0
13091.0
13122.0
13101.0
13084.0
13067.0
13046.0
12947.0
12858.0
12794.0
12713.0
12659.0
12586.0
12580.0
12465.0
12467.0
12505.0
12429.0
12415.0
12453.0
12465.0
12391.0
12414.0
12454.0
12474.0
12467.0
12467.0
12463.0
12499.0
12506.0
12486.0
12447.0
12461.0
12414.0
12416.0
12414.0
12414.0
12423.0
12433.0
12438.0
12414.0
12353.0
12315.0
12327.0
12325.0
12336.0
12268.0
12329.0
12355.0
12384.0
12384.0
12413.0
12449.0
12428.0
12431.0
12458.0
12517.0
12547.0
12534.0
12611.0
12692.0
12770.0
12848.0
12850.0
12855.0
12887.0
12947.0
13030.0
13113.0
13124.0
13172.0
13193.0
13194.0
13170.0
13145.0
13110.0
13003.0
12965.0
12881.0
12772.0
12694.0
12639.0
12560.0
12511.0
12500.0
12467.0
12468.0
12449.0
12370.0
12308.0
12321.0
12264.0
12234.0
12185.0
12197.0
12217.0
12181.0
12197.0
12177.0
12203.0
12218.0
12232.0
12226.0
12143.0
12180.0
12218.0
12177.0
12210.0
12160.0
12197.0
12194.0
12235.0
12246.0
12297.0
12313.0
12327.0
12376.0
12394.0
12426.0
12480.0
12458.0
12488.0
12479.0
12494.0
12476.0
12463.0
12471.0
12477.0
12431.0
12437.0
12386.0
12272.0
12240.0
12186.0
12172.0
12152.0
12113.0
12062.0
12003.0
11945.0
11899.0
11872.0
11798.0
11816.0
11834.0
11852.0
11799.0
11816.0
11762.0
11742.0
11757.0
11752.0
11774.0
11796.0
11779.0
11764.0
11775.0
11757.0
11741.0
11730.0
11702.0
11649.0
11531.0
11468.0
11362.0
11237.0
11165.0
11087.0
10968.0
10885.0
10828.0
10671.0
10637.0
10569.0
10551.0
10510.0
10498.0
10334.0
10280.0
10211.0
10214.0
10137.0
10067.0
10045.0
10005.0
9980.0
9987.0
9973.0
9882.0
9864.0
9865.0
9878.0
9881.0
9894.0
9906.0
9916.0
9875.0
9874.0
9880.0
9897.0
9925.0
9957.0
9935.0
9978.0
9972.0
9985.0
9975.0
10029.0
10088.0
10147.0
10196.0
10185.0
10219.0
10247.0
10272.0
10299.0
10322.0
10347.0
10326.0
10352.0
10337.0
10314.0
10346.0
10354.0
10397.0
10398.0
10441.0
10466.0
10461.0
10509.0
10507.0
10554.0
10571.0
10617.0
10680.0
10744.0
10809.0
10844.0
10879.0
10845.0
10892.0
10949.0
11021.0
11023.0
11095.0
11135.0
11200.0
11261.0
11303.0
11328.0
11343.0
11331.0
11276.0
11202.0
11158.0
11111.0
10999.0
10902.0
10850.0
10795.0
10673.0
10605.0
10463.0
10391.0
10385.0
10354.0
10360.0
10292.0
10211.0
10212.0
10228.0
10245.0
10206.0
10205.0
10226.0
10149.0
10124.0
10115.0
10135.0
9985.0
9945.0
9945.0
9934.0
9909.0
9927.0
9951.0
9953.0
9986.0
9958.0
9966.0
9962.0
9921.0
9955.0
9981.0
9949.0
9958.0
9998.0
10007.0
10073.0
10136.0
10188.0
10204.0
10240.0
10273.0
10304.0
10331.0
10357.0
10379.0
10396.0
10412.0
10355.0
10382.0
10411.0
10443.0
10476.0
10511.0
10514.0
10553.0
10558.0
10548.0
10591.0
10554.0
10599.0
10643.0
10616.0
10592.0
10542.0
10510.0
10558.0
10604.0
10600.0
10589.0
10551.0
10555.0
10546.0
10495.0
10490.0
10466.0
10449.0
10421.0
10422.0
10396.0
10275.0
10227.0
10097.0
10045.0
9982.0
9935.0
9797.0
9707.0
9646.0
9553.0
9537.0
9540.0
9565.0
9502.0
9528.0
9520.0
9466.0
9455.0
9396.0
9420.0
9373.0
9360.0
9326.0
9354.0
9356.0
9386.0
9388.0
9381.0
9423.0
9399.0
9443.0
9490.0
9525.0
9580.0
9581.0
9600.0
9661.0
9717.0
9694.0
9758.0
9780.0
9840.0
9913.0
9992.0
10064.0
10138.0
10218.0
10301.0
10340.0
10399.0
10424.0
10469.0
10514.0
10558.0
10599.0
10638.0
10676.0
10645.0
10686.0
10595.0
10618.0
10620.0
10647.0
10690.0
10662.0
10660.0
10660.0
10659.0
10711.0
10705.0
10753.0
10802.0
10801.0
10766.0
10780.0
10676.0
10673.0
10669.0
10697.0
10738.0
10730.0
10766.0
10744.0
10695.0
10731.0
10730.0
10770.0
10813.0
10824.0
10813.0
10787.0
10750.0
10709.0
10673.0
10636.0
10561.0
10531.0
10502.0
10506.0
10429.0
10460.0
10402.0
10385.0
10347.0
10338.0
10316.0
10322.0
10278.0
10315.0
10246.0
10186.0
10159.0
10159.0
10206.0
10201.0
10250.0
10278.0
10225.0
10241.0
10298.0
10355.0
10418.0
10479.0
10538.0
10542.0
10573.0
10599.0
10656.0
10711.0
10758.0
10801.0
10852.0
10868.0
10883.0
10938.0
10964.0
11023.0
11054.0
11105.0
11148.0
11186.0
11226.0
11265.0
11309.0
11355.0
11366.0
11370.0
11348.0
11407.0
11391.0
11419.0
11496.0
11576.0
11660.0
11745.0
11721.0
11801.0
11879.0
11907.0
11915.0
11991.0
11977.0
12016.0
12072.0
12145.0
12127.0
12158.0
12131.0
12154.0
12200.0
12264.0
12279.0
12313.0
12333.0
12399.0
12467.0
12534.0
12547.0
12578.0
12557.0
12546.0
12528.0
12511.0
12493.0
12458.0
12442.0
12434.0
12425.0
12392.0
12421.0
12412.0
12461.0
12466.0
12468.0
12375.0
12293.0
12291.0
12248.0
12284.0
12068.0
12106.0
12024.0
12071.0
12045.0
11987.0
11941.0
12002.0
12052.0
12069.0
12119.0
12135.0
12131.0
12196.0
12258.0
12310.0
12332.0
12394.0
12418.0
12479.0
12538.0
12602.0
12671.0
12742.0
12777.0
12850.0
12846.0
12894.0
12937.0
12973.0
13027.0
13061.0
13111.0
13161.0
13206.0
13252.0
13297.0
13345.0
13350.0
13356.0
13309.0
13346.0
13293.0
13303.0
13347.0
13385.0
13419.0
13445.0
13466.0
13462.0
13427.0
13395.0
13358.0
13375.0
13337.0
13359.0
13353.0
13266.0
13305.0
13328.0
13371.0
13366.0
13407.0
13454.0
13447.0
13395.0
13452.0
13517.0
13585.0
13606.0
13541.0
13517.0
13430.0
13340.0
13293.0
13248.0
13207.0
13134.0
13053.0
13052.0
13017.0
13037.0
12975.0
13008.0
12900.0
12879.0
12870.0
12841.0
12799.0
12834.0
12841.0
12841.0
12889.0
12876.0
12879.0
12900.0
12887.0
12897.0
12897.0
12954.0
13008.0
13015.0
13032.0
13050.0
13064.0
13087.0
13076.0
13110.0
13128.0
13159.0
13150.0
13168.0
13238.0
13246.0
13314.0
13362.0
13417.0
13468.0
13529.0
13571.0
13584.0
13628.0
13664.0
13699.0
13735.0
13770.0
13806.0
13844.0
13807.0
13758.0
13727.0
13761.0
13715.0
13678.0
13640.0
13675.0
13666.0
13694.0
13636.0
13578.0
13597.0
13500.0
13529.0
13594.0
13604.0
13619.0
13694.0
13777.0
13860.0
13939.0
14020.0
14074.0
14153.0
14231.0
14254.0
14323.0
14358.0
14422.0
14435.0
14443.0
14410.0
14365.0
14291.0
14234.0
14134.0
14071.0
13951.0
13800.0
13734.0
13579.0
13516.0
13414.0
13320.0
13273.0
13253.0
13242.0
13255.0
13285.0
13210.0
13232.0
13100.0
13067.0
13011.0
12944.0
12946.0
12931.0
12899.0
12769.0
12798.0
12778.0
12712.0
12733.0
12752.0
12773.0
12700.0
12733.0
12678.0
12719.0
12726.0
12686.0
12710.0
12735.0
12741.0
12791.0
12839.0
12811.0
12792.0
12788.0
12800.0
12811.0
12841.0
12838.0
12855.0
12870.0
12891.0
12906.0
12921.0
12942.0
12954.0
12901.0
12863.0
12899.0
12876.0
12821.0
12732.0
12706.0
12689.0
12729.0
12747.0
12739.0
12792.0
12847.0
12907.0
12910.0
12942.0
13005.0
13030.0
13096.0
13164.0
13201.0
13182.0
13233.0
13273.0
13318.0
13362.0
13399.0
13428.0
13472.0
13465.0
13470.0
13447.0
13393.0
13349.0
13299.0
13246.0
13107.0
12945.0
12893.0
12845.0
12742.0
12621.0
12599.0
12534.0
12497.0
12541.0
12418.0
12371.0
12422.0
12337.0
12292.0
12226.0
12227.0
12176.0
12157.0
12182.0
12178.0
12086.0
12088.0
12042.0
12046.0
11933.0
11891.0
11888.0
11792.0
11846.0
11906.0
11844.0
11869.0
11804.0
11874.0
11905.0
11923.0
11968.0
11969.0
11981.0
11965.0
11904.0
11909.0
11852.0
11811.0
11828.0
11790.0
11795.0
11754.0
11763.0
11778.0
11786.0
11808.0
11786.0
11716.0
11717.0
11705.0
11655.0
11642.0
11674.0
11734.0
11735.0
11743.0
11810.0
11826.0
11892.0
11962.0
12003.0
12068.0
12105.0
12141.0
12151.0
12166.0
12228.0
12229.0
12254.0
12270.0
12261.0
12304.0
12332.0
12400.0
12469.0
12539.0
12599.0
12618.0
12604.0
12572.0
12532.0
12487.0
12444.0
12404.0
12252.0
12212.0
12037.0
11969.0
11864.0
11822.0
11722.0
11624.0
11600.0
11554.0
11485.0
11432.0
11350.0
11341.0
11313.0
11298.0
11314.0
11349.0
11341.0
11313.0
11353.0
11338.0
11326.0
11371.0
11345.0
11397.0
11353.0
11403.0
11409.0
11414.0
11407.0
11463.0
11476.0
11494.0
11505.0
11516.0
11566.0
11622.0
11675.0
11680.0
11661.0
11673.0
11700.0
11635.0
11670.0
11575.0
11603.0
11593.0
11625.0
11662.0
11705.0
11685.0
11739.0
11783.0
11811.0
11812.0
11878.0
11882.0
11954.0
11965.0
11970.0
11994.0
12029.0
12102.0
12091.0
12159.0
12203.0
12272.0
12298.0
12291.0
12373.0
12455.0
12478.0
12555.0
12598.0
12639.0
12691.0
12770.0
12845.0
12866.0
12913.0
12974.0
13057.0
13077.0
13067.0
13049.0
13018.0
12979.0
12936.0
12892.0
12791.0
12748.0
12599.0
12441.0
12350.0
12259.0
12252.0
12203.0
12137.0
12095.0
12074.0
12079.0
12083.0
12040.0
12073.0
12057.0
12121.0
12185.0
12170.0
12235.0
12276.0
12342.0
12401.0
12457.0
12491.0
12543.0
12539.0
12591.0
12562.0
12564.0
12540.0
12557.0
12563.0
12567.0
12570.0
12629.0
12688.0
12711.0
12766.0
12782.0
12736.0
12764.0
12737.0
12747.0
12762.0
12766.0
12768.0
12700.0
12705.0
12703.0
12698.0
12695.0
12692.0
12588.0
12555.0
12464.0
12443.0
12421.0
12401.0
12347.0
12315.0
12273.0
12232.0
12230.0
12150.0
12154.0
12158.0
12138.0
12092.0
12076.0
12017.0
12032.0
12046.0
12035.0
12055.0
12080.0
12058.0
12084.0
12085.0
12092.0
12105.0
12107.0
12140.0
12090.0
12021.0
11936.0
11834.0
11775.0
11719.0
11666.0
11616.0
11486.0
11434.0
11363.0
11308.0
11155.0
11132.0
11111.0
11092.0
11095.0
11094.0
11096.0
11058.0
11092.0
11128.0
11155.0
11148.0
11144.0
11126.0
11154.0
11161.0
11172.0
11204.0
11236.0
11257.0
11297.0
11335.0
11338.0
11346.0
11353.0
11270.0
11279.0
11315.0
11332.0
11372.0
11391.0
11402.0
11458.0
11490.0
11517.0
11560.0
11599.0
11644.0
11678.0
11703.0
11701.0
11710.0
11718.0
11724.0
11733.0
11739.0
11750.0
11763.0
11722.0
11744.0
11697.0
11725.0
11669.0
11661.0
11656.0
11625.0
11618.0
11626.0
11602.0
11572.0
11614.0
11503.0
11551.0
11536.0
11529.0
11536.0
11502.0
11492.0
11520.0
11503.0
11532.0
11552.0
11588.0
11656.0
11694.0
11745.0
11705.0
11744.0
11751.0
11734.0
11713.0
11697.0
11676.0
11642.0
11611.0
11580.0
11548.0
11517.0
11460.0
11379.0
11351.0
11283.0
11253.0
11237.0
11212.0
11225.0
11211.0
11159.0
11172.0
11149.0
11141.0
11130.0
11082.0
11083.0
10979.0
10977.0
11003.0
11049.0
11095.0
11140.0
11144.0
11195.0
11248.0
11289.0
11233.0
11297.0
11364.0
11404.0
11424.0
11500.0
11577.0
11649.0
11696.0
11768.0
11747.0
11780.0
11794.0
11866.0
11899.0
11951.0
11974.0
11972.0
11997.0
12035.0
12067.0
12100.0
12132.0
12157.0
12108.0
12051.0
12081.0
12081.0
12051.0
12092.0
12038.0
12013.0
12062.0
12012.0
11983.0
11975.0
12014.0
12079.0
12146.0
12140.0
12185.0
12078.0
12111.0
12142.0
12228.0
12268.0
12358.0
12418.0
12510.0
12578.0
12606.0
12705.0
12812.0
12864.0
12931.0
12865.0
12879.0
12858.0
12832.0
12790.0
12747.0
12676.0
12638.0
12606.0
12494.0
12487.0
12393.0
12398.0
12304.0
12321.0
12307.0
12245.0
12202.0
12241.0
12284.0
12201.0
12243.0
12284.0
12216.0
12188.0
12148.0
12122.0
12107.0
12095.0
12132.0
12151.0
12198.0
12203.0
12247.0
12278.0
12328.0
12349.0
12405.0
12462.0
12517.0
12516.0
12573.0
12632.0
12690.0
12635.0
12636.0
12563.0
12566.0
12480.0
12467.0
12423.0
12345.0
12345.0
12313.0
12309.0
12305.0
12300.0
12291.0
12288.0
12127.0
12138.0
12098.0
12107.0
12088.0
12007.0
12029.0
12054.0
11982.0
12009.0
11989.0
11932.0
11922.0
11930.0
11924.0
11940.0
11905.0
11962.0
11954.0
11955.0
11973.0
11971.0
12029.0
12058.0
12090.0
12153.0
12176.0
12247.0
12298.0
12377.0
12390.0
12375.0
12369.0
12349.0
12319.0
12280.0
12244.0
12210.0
12167.0
12121.0
12045.0
11991.0
11952.0
11927.0
11901.0
11764.0
11670.0
11611.0
11549.0
11467.0
11431.0
11362.0
11362.0
11400.0
11366.0
11366.0
11356.0
11330.0
11382.0
11405.0
11444.0
11413.0
11468.0
11374.0
11396.0
11372.0
11438.0
11469.0
11491.0
11566.0
11632.0
11656.0
11719.0
11736.0
11795.0
11866.0
11928.0
11928.0
11930.0
11981.0
12023.0
12013.0
12009.0
11994.0
12018.0
12038.0
12065.0
12091.0
12116.0
12140.0
12029.0
12074.0
12069.0
12064.0
12124.0
12178.0
12220.0
12190.0
12260.0
12283.0
12312.0
12386.0
12469.0
12509.0
12596.0
12685.0
12743.0
12833.0
12886.0
12972.0
13055.0
13103.0
13152.0
13198.0
13274.0
13322.0
13398.0
13414.0
13485.0
13553.0
13518.0
13495.0
13473.0
13442.0
13386.0
13339.0
13292.0
13200.0
13142.0
13077.0
12987.0
12860.0
12803.0
12692.0
12680.0
12601.0
12443.0
12369.0
12249.0
12101.0
12084.0
11959.0
11887.0
11817.0
11834.0
11742.0
11770.0
11754.0
11741.0
11704.0
11694.0
11724.0
11666.0
11613.0
11652.0
11682.0
11606.0
11641.0
11497.0
11498.0
11459.0
11459.0
11488.0
11469.0
11486.0
11518.0
11497.0
11524.0
11489.0
11521.0
11507.0
11483.0
11500.0
11510.0
11515.0
11530.0
11542.0
11566.0
11588.0
11613.0
11606.0
11564.0
11574.0
11583.0
11628.0
11622.0
11662.0
11696.0
11691.0
11644.0
11633.0
11627.0
11618.0
11677.0
11731.0
11734.0
11790.0
11847.0
11904.0
11910.0
11960.0
11962.0
11960.0
12016.0
12012.0
12066.0
12119.0
12127.0
12183.0
12199.0
12216.0
12166.0
12092.0
12053.0
11966.0
11914.0
11822.0
11710.0
11615.0
11507.0
11337.0
11313.0
11294.0
11204.0
11196.0
11106.0
11075.0
10815.0
10815.0
10795.0
10751.0
10646.0
10618.0
10598.0
10592.0
10579.0
10566.0
10555.0
10540.0
10528.0
10424.0
10414.0
10430.0
10269.0
10287.0
10259.0
10231.0
10201.0
10212.0
10203.0
10119.0
10065.0
10077.0
10088.0
10086.0
10084.0
10090.0
10055.0
10058.0
10055.0
10048.0
10022.0
10015.0
10009.0
9993.0
9991.0
9993.0
9994.0
9998.0
9947.0
9903.0
9876.0
9810.0
9806.0
9816.0
9832.0
9859.0
9864.0
9910.0
9918.0
9968.0
9971.0
9974.0
10025.0
10017.0
10051.0
10100.0
10145.0
10188.0
10199.0
10243.0
10289.0
10334.0
10376.0
10419.0
10462.0
10505.0
10547.0
10590.0
10551.0
10551.0
10520.0
10479.0
10423.0
10364.0
10300.0
10234.0
10071.0
10006.0
9902.0
9764.0
9679.0
9667.0
9547.0
9506.0
9444.0
9444.0
9428.0
9401.0
9413.0
9457.0
9451.0
9495.0
9492.0
9435.0
9478.0
9467.0
9455.0
9404.0
9384.0
9386.0
9402.0
9378.0
9390.0
9390.0
9421.0
9409.0
9413.0
9439.0
9436.0
9472.0
9508.0
9510.0
9553.0
9591.0
9628.0
9675.0
9725.0
9771.0
9818.0
9848.0
9852.0
9871.0
9885.0
9901.0
9914.0
9925.0
9935.0
9948.0
9960.0
9933.0
9910.0
9885.0
9827.0
9805.0
9825.0
9738.0
9700.0
9658.0
9649.0
9640.0
9637.0
9568.0
9560.0
9560.0
9533.0
9561.0
9509.0
9459.0
9485.0
9463.0
9441.0
9380.0
9387.0
9373.0
9398.0
9422.0
9443.0
9464.0
9435.0
9412.0
9317.0
9258.0
9186.0
9110.0
9035.0
8960.0
8890.0
8778.0
8711.0
8623.0
8546.0
8490.0
8446.0
8318.0
8252.0
8183.0
8143.0
8038.0
8004.0
7987.0
7918.0
7935.0
7930.0
7979.0
7967.0
8010.0
7982.0
7985.0
8029.0
8071.0
8070.0
8110.0
8130.0
8122.0
8166.0
8210.0
8229.0
8260.0
8264.0
8296.0
8313.0
8375.0
8426.0
8493.0
8538.0
8543.0
8599.0
8641.0
8698.0
8743.0
8781.0
8814.0
8845.0
8866.0
8888.0
8910.0
8905.0
8924.0
8939.0
8914.0
8839.0
8825.0
8812.0
8752.0
8746.0
8693.0
8689.0
8684.0
8640.0
8599.0
8599.0
8578.0
8517.0
8502.0
8483.0
8527.0
8452.0
8406.0
8429.0
8400.0
8377.0
8398.0
8357.0
8376.0
8375.0
8394.0
8422.0
8450.0
8478.0
8409.0
8361.0
8312.0
8237.0
8185.0
8097.0
8050.0
8007.0
7906.0
7834.0
7821.0
7702.0
7679.0
7621.0
7581.0
7569.0
7595.0
7592.0
7537.0
7460.0
7406.0
7424.0
7427.0
7397.0
7340.0
7292.0
7288.0
7277.0
7301.0
7250.0
7266.0
7263.0
7257.0
7283.0
7166.0
7198.0
7206.0
7222.0
7220.0
7245.0
7281.0
7322.0
7360.0
7385.0
7424.0
7457.0
7484.0
7438.0
7421.0
7390.0
7395.0
7378.0
7374.0
7379.0
7383.0
7387.0
7387.0
7387.0
7378.0
7375.0
7376.0
7323.0
7251.0
7177.0
7187.0
7128.0
7144.0
7045.0
7065.0
7022.0
7052.0
6917.0
6877.0
6904.0
6836.0
6794.0
6826.0
6834.0
6803.0
6811.0
6744.0
6667.0
6629.0
6611.0
6612.0
6584.0
6574.0
6550.0
6556.0
6506.0
6482.0
6436.0
6407.0
6370.0
6303.0
6268.0
6239.0
6180.0
6116.0
6097.0
6004.0
5997.0
5973.0
5909.0
5939.0
5891.0
5893.0
5832.0
5812.0
5773.0
5694.0
5656.0
5574.0
5586.0
5583.0
5524.0
5556.0
5596.0
5639.0
5683.0
5728.0
5744.0
5787.0
5822.0
5866.0
5869.0
5915.0
5960.0
5984.0
6003.0
6033.0
6063.0
6056.0
6087.0
6087.0
6124.0
6107.0
6124.0
6146.0
6185.0
6186.0
6179.0
6207.0
6202.0
6222.0
6249.0
6242.0
6271.0
6297.0
6324.0
6300.0
6331.0
6279.0
6316.0
6330.0
6352.0
6335.0
6388.0
6416.0
6440.0
6468.0
6492.0
6459.0
6471.0
6443.0
6468.0
6495.0
6520.0
6540.0
6567.0
6616.0
6668.0
6666.0
6723.0
6732.0
6700.0
6705.0
6764.0
6827.0
6894.0
6919.0
6893.0
6879.0
6857.0
6828.0
6799.0
6743.0
6676.0
6604.0
6535.0
6526.0
6414.0
6292.0
6309.0
6274.0
6197.0
6137.0
6106.0
6013.0
5992.0
5999.0
6008.0
6017.0
6024.0
5978.0
5989.0
6002.0
5999.0
5973.0
5995.0
6019.0
5984.0
6007.0
6031.0
6034.0
6056.0
6043.0
5942.0
5881.0
5883.0
5824.0
5842.0
5827.0
5856.0
5799.0
5824.0
5851.0
5806.0
5843.0
5836.0
5870.0
5818.0
5796.0
5824.0
5854.0
5886.0
5921.0
5958.0
5944.0
5984.0
6022.0
6064.0
6107.0
6106.0
6152.0
6200.0
6244.0
6288.0
6280.0
6324.0
6370.0
6415.0
6413.0
6457.0
6455.0
6433.0
6447.0
6492.0
6490.0
6466.0
6497.0
6459.0
6501.0
6520.0
6511.0
6539.0
6599.0
6660.0
6692.0
6758.0
6758.0
6765.0
6756.0
6736.0
6708.0
6674.0
6633.0
6591.0
6543.0
6501.0
6389.0
6343.0
6304.0
6281.0
6250.0
6243.0
6215.0
6135.0
6146.0
6124.0
6134.0
6091.0
6098.0
6105.0
6113.0
6056.0
5956.0
5899.0
5911.0
5922.0
5860.0
5818.0
5792.0
5811.0
5787.0
5716.0
5733.0
5666.0
5658.0
5649.0
5583.0
5602.0
5624.0
5648.0
5671.0
5675.0
5699.0
5719.0
5742.0
5761.0
5769.0
5780.0
5790.0
5800.0
5807.0
5791.0
5804.0
5808.0
5818.0
5795.0
5757.0
5694.0
5706.0
5703.0
5715.0
5682.0
5695.0
5705.0
5720.0
5649.0
5672.0
5669.0
5696.0
5666.0
5634.0
5631.0
5668.0
5668.0
5711.0
5726.0
5770.0
5788.0
5811.0
5821.0
5863.0
5900.0
5868.0
5914.0
5939.0
5976.0
5961.0
5945.0
5918.0
5884.0
5846.0
5805.0
5762.0
5676.0
5630.0
5497.0
5378.0
5323.0
5284.0
5224.0
5229.0
5237.0
5250.0
5261.0
5226.0
5196.0
5167.0
5184.0
5184.0
5105.0
5094.0
5121.0
5149.0
5178.0
5210.0
5243.0
5279.0
5304.0
5328.0
5362.0
5341.0
5384.0
5413.0
5446.0
5416.0
5425.0
5472.0
5492.0
5545.0
5599.0
5647.0
5705.0
5712.0
5739.0
5798.0
5824.0
5843.0
5887.0
5900.0
5940.0
5983.0
6032.0
6075.0
6121.0
6167.0
6185.0
6198.0
6181.0
6149.0
6131.0
6163.0
6152.0
6095.0
6138.0
6181.0
6178.0
6222.0
6215.0
6264.0
6314.0
6366.0
6345.0
6352.0
6405.0
6456.0
6505.0
6551.0
6584.0
6626.0
6664.0
6693.0
6637.0
6666.0
6679.0
6707.0
6733.0
6731.0
6711.0
6632.0
6592.0
6549.0
6504.0
6456.0
6354.0
6296.0
6244.0
6146.0
6054.0
6008.0
5960.0
5901.0
5897.0
5864.0
5768.0
5690.0
5606.0
5556.0
5520.0
5537.0
5508.0
5481.0
5505.0
5496.0
5523.0
5547.0
5573.0
5599.0
5625.0
5612.0
5639.0
5610.0
5600.0
5488.0
5498.0
5484.0
5409.0
5436.0
5401.0
5429.0
5423.0
5454.0
5440.0
5463.0
5453.0
5476.0
5429.0
5406.0
5401.0
5372.0
5372.0
5371.0
5369.0
5362.0
5359.0
5300.0
5297.0
5254.0
5216.0
5121.0
5119.0
5124.0
5122.0
5106.0
5114.0
5126.0
5140.0
5103.0
5113.0
5081.0
5091.0
5101.0
5114.0
5116.0
5097.0
5095.0
5082.0
5079.0
5096.0
5082.0
5096.0
5107.0
5117.0
5127.0
5136.0
5146.0
5135.0
5128.0
5112.0
5076.0
5046.0
5006.0
4976.0
4948.0
4879.0
4853.0
4824.0
4758.0
4749.0
4742.0
4721.0
4673.0
4644.0
4600.0
4608.0
4603.0
4559.0
4567.0
4523.0
4531.0
4537.0
4500.0
4459.0
4386.0
4352.0
4346.0
4355.0
4366.0
4375.0
4386.0
4305.0
4312.0
4318.0
4324.0
4301.0
4308.0
4315.0
4298.0
4238.0
4244.0
4252.0
4178.0
4131.0
4135.0
4102.0
4056.0
4051.0
4013.0
3970.0
3961.0
3943.0
3930.0
3918.0
3908.0
3897.0
3888.0
3881.0
3780.0
3681.0
3681.0
3597.0
3565.0
3521.0
3519.0
3517.0
3455.0
3423.0
3420.0
3417.0
3405.0
3342.0
3241.0
3236.0
3132.0
3079.0
3036.0
3028.0
3018.0
2970.0
2959.0
2947.0
2933.0
2902.0
2888.0
2873.0
2859.0
2845.0
2824.0
2803.0
2765.0
2755.0
2747.0
2741.0
2737.0
2675.0
2671.0
2667.0
2615.0
2569.0
2571.0
2574.0
2579.0
2584.0
2591.0
2551.0
2557.0
2564.0
2573.0
2582.0
2592.0
2600.0
2610.0
2621.0
2633.0
2602.0
2612.0
2623.0
2634.0
2644.0
2653.0
2662.0
2670.0
2677.0
2683.0
2648.0
2654.0
2620.0
2626.0
2632.0
2637.0
2643.0
2649.0
2654.0
2657.0
2659.0
2659.0
2659.0
2656.0
2650.0
2642.0
2634.0
2625.0
2616.0
2607.0
2598.0
2556.0
2548.0
2385.0
2321.0
2232.0
2229.0
2172.0
2101.0
2100.0
2019.0
2019.0
1972.0
1971.0
1922.0
1919.0
1915.0
1910.0
1904.0
1898.0
1892.0
1886.0
1879.0
1870.0
1861.0
1851.0
1839.0
1826.0
1770.0
1718.0
1709.0
1702.0
1698.0
1693.0
1689.0
1688.0
1690.0
1696.0
1704.0
1712.0
1719.0
1725.0
1732.0
1739.0
1746.0
1753.0
1757.0
1760.0
1763.0
1766.0
1770.0
1774.0
1778.0
1781.0
1785.0
1789.0
1792.0
1796.0
1799.0
1801.0
1804.0
1807.0
1811.0
1813.0
1815.0
1777.0
1778.0
1778.0
1777.0
1735.0
1732.0
1729.0
1725.0
