0 0.0
1 0.0
2 0.0
3 0.0
4 0.0
5 0.0
6 0.0
7 0.0
8 0.0
9 0.0
10 0.0
11 0.0
12 0.0
13 0.0
14 0.0
15 0.0
16 1.0
17 2.0
18 3.0
19 4.0
20 5.0
21 6.0
22 7.0
23 8.0
24 9.0
25 10.0
26 11.0
27 12.0
28 13.0
29 14.0
30 15.0
31 16.0
32 17.0
33 18.0
34 19.0
35 20.0
36 21.0
37 22.0
38 23.0
39 24.0
40 25.0
41 26.0
42 28.0
43 30.0
44 33.0
45 37.0
46 41.0
47 47.0
48 53.0
49 59.0
50 64.0
51 71.0
52 80.0
53 91.0
54 102.0
55 116.0
56 130.0
57 146.0
58 164.0
59 185.0
60 209.0
61 233.0
62 257.0
63 283.0
64 310.0
65 337.0
66 365.0
67 395.0
68 425.0
69 457.0
70 490.0
71 524.0
72 559.0
73 594.0
74 630.0
75 666.0
76 702.0
77 739.0
78 777.0
79 815.0
80 855.0
81 895.0
82 937.0
83 979.0
84 1022.0
85 1066.0
86 1112.0
87 1159.0
88 1206.0
89 1255.0
90 1287.0
91 1308.0
92 1322.0
93 1330.0
94 1333.0
95 1334.0
96 1335.0
97 1336.0
98 1337.0
99 1338.0
100 1340.0
101 1342.0
102 1344.0
103 1346.0
104 1350.0
105 1354.0
106 1320.0
107 1325.0
108 1330.0
109 1338.0
110 1347.0
111 1356.0
112 1365.0
113 1375.0
114 1386.0
115 1399.0
116 1411.0
117 1423.0
118 1436.0
119 1449.0
120 1461.0
121 1472.0
122 1483.0
123 1493.0
124 1503.0
125 1514.0
126 1528.0
127 1545.0
128 1563.0
129 1583.0
130 1602.0
131 1623.0
132 1646.0
133 1671.0
134 1698.0
135 1723.0
136 1750.0
137 1778.0
138 1807.0
139 1838.0
140 1864.0
141 1889.0
142 1900.0
143 1927.0
144 1954.0
145 1983.0
146 2013.0
147 2032.0
148 2063.0
149 2095.0
150 2129.0
151 2162.0
152 2194.0
153 2226.0
154 2258.0
155 2289.0
156 2321.0
157 2352.0
158 2382.0
159 2383.0
160 2391.0
161 2378.0
162 2408.0
163 2440.0
164 2473.0
165 2508.0
166 2542.0
167 2575.0
168 2608.0
169 2640.0
170 2646.0
171 2676.0
172 2705.0
173 2698.0
174 2727.0
175 2757.0
176 2790.0
177 2825.0
178 2862.0
179 2902.0
180 2920.0
181 2925.0
182 2918.0
183 2905.0
184 2888.0
185 2868.0
186 2847.0
187 2824.0
188 2800.0
189 2775.0
190 2718.0
191 2717.0
192 2725.0
193 2737.0
194 2756.0
195 2778.0
196 2756.0
197 2781.0
198 2807.0
199 2833.0
200 2856.0
201 2878.0
202 2900.0
203 2921.0
204 2899.0
205 2921.0
206 2941.0
207 2928.0
208 2924.0
209 2942.0
210 2959.0
211 2965.0
212 2982.0
213 2999.0
214 3015.0
215 3026.0
216 3043.0
217 3022.0
218 3043.0
219 3062.0
220 3085.0
221 3110.0
222 3141.0
223 3176.0
224 3213.0
225 3247.0
226 3283.0
227 3322.0
228 3363.0
229 3403.0
230 3437.0
231 3461.0
232 3483.0
233 3504.0
234 3525.0
235 3550.0
236 3574.0
237 3598.0
238 3623.0
239 3649.0
240 3679.0
241 3709.0
242 3739.0
243 3769.0
244 3800.0
245 3832.0
246 3865.0
247 3868.0
248 3905.0
249 3942.0
250 3948.0
251 3988.0
252 3980.0
253 4015.0
254 4057.0
255 4099.0
256 4107.0
257 4148.0
258 4190.0
259 4233.0
260 4232.0
261 4250.0
262 4279.0
263 4320.0
264 4368.0
265 4415.0
266 4464.0
267 4497.0
268 4518.0
269 4572.0
270 4576.0
271 4577.0
272 4567.0
273 4553.0
274 4539.0
275 4524.0
276 4509.0
277 4494.0
278 4479.0
279 4465.0
280 4467.0
281 4385.0
282 4376.0
283 4407.0
284 4415.0
285 4452.0
286 4488.0
287 4524.0
288 4560.0
289 4595.0
290 4632.0
291 4668.0
292 4650.0
293 4691.0
294 4727.0
295 4718.0
296 4701.0
297 4732.0
298 4763.0
299 4718.0
300 4750.0
301 4783.0
302 4767.0
303 4802.0
304 4814.0
305 4848.0
306 4808.0
307 4833.0
308 4812.0
309 4845.0
310 4873.0
311 4882.0
312 4949.0
313 5017.0
314 5089.0
315 5153.0
316 5213.0
317 5280.0
318 5345.0
319 5414.0
320 5475.0
321 5527.0
322 5569.0
323 5605.0
324 5643.0
325 5680.0
326 5713.0
327 5747.0
328 5783.0
329 5769.0
330 5815.0
331 5789.0
332 5778.0
333 5720.0
334 5784.0
335 5772.0
336 5837.0
337 5895.0
338 5962.0
339 5956.0
340 6026.0
341 6093.0
342 6128.0
343 6196.0
344 6268.0
345 6296.0
346 6369.0
347 6440.0
348 6509.0
349 6576.0
350 6644.0
351 6684.0
352 6670.0
353 6731.0
354 6769.0
355 6837.0
356 6911.0
357 6973.0
358 7003.0
359 7088.0
360 7130.0
361 7161.0
362 7163.0
363 7169.0
364 7170.0
365 7172.0
366 7171.0
367 7118.0
368 7073.0
369 7066.0
370 7028.0
371 7057.0
372 7024.0
373 7065.0
374 7091.0
375 7126.0
376 7160.0
377 7187.0
378 7227.0
379 7268.0
380 7309.0
381 7344.0
382 7379.0
383 7413.0
384 7448.0
385 7483.0
386 7520.0
387 7556.0
388 7593.0
389 7607.0
390 7552.0
391 7542.0
392 7582.0
393 7518.0
394 7513.0
395 7561.0
396 7567.0
397 7569.0
398 7570.0
399 7623.0
400 7549.0
401 7603.0
402 7621.0
403 7627.0
404 7687.0
405 7725.0
406 7741.0
407 7798.0
408 7856.0
409 7914.0
410 7923.0
411 7961.0
412 7964.0
413 7997.0
414 8025.0
415 8058.0
416 8095.0
417 8129.0
418 8162.0
419 8135.0
420 8170.0
421 8117.0
422 8165.0
423 8140.0
424 8115.0
425 8172.0
426 8210.0
427 8216.0
428 8277.0
429 8283.0
430 8351.0
431 8415.0
432 8464.0
433 8442.0
434 8505.0
435 8570.0
436 8633.0
437 8696.0
438 8761.0
439 8817.0
440 8882.0
441 8953.0
442 8992.0
443 9066.0
444 9043.0
445 9065.0
446 9136.0
447 9207.0
448 9280.0
449 9357.0
450 9395.0
451 9381.0
452 9379.0
453 9365.0
454 9348.0
455 9326.0
456 9302.0
457 9170.0
458 9144.0
459 9065.0
460 8903.0
461 8810.0
462 8824.0
463 8810.0
464 8770.0
465 8771.0
466 8731.0
467 8757.0
468 8675.0
469 8587.0
470 8618.0
471 8652.0
472 8587.0
473 8543.0
474 8476.0
475 8484.0
476 8514.0
477 8547.0
478 8581.0
479 8612.0
480 8648.0
481 8609.0
482 8647.0
483 8623.0
484 8662.0
485 8661.0
486 8699.0
487 8660.0
488 8671.0
489 8716.0
490 8711.0
491 8764.0
492 8821.0
493 8849.0
494 8884.0
495 8946.0
496 9010.0
497 9077.0
498 9148.0
499 9219.0
500 9281.0
501 9327.0
502 9373.0
503 9415.0
504 9453.0
505 9491.0
506 9526.0
507 9559.0
508 9594.0
509 9572.0
510 9510.0
511 9516.0
512 9520.0
513 9525.0
514 9523.0
515 9485.0
516 9433.0
517 9397.0
518 9364.0
519 9404.0
520 9426.0
521 9478.0
522 9442.0
523 9381.0
524 9444.0
525 9465.0
526 9505.0
527 9539.0
528 9606.0
529 9612.0
530 9644.0
531 9690.0
532 9733.0
533 9796.0
534 9832.0
535 9896.0
536 9938.0
537 10007.0
538 10041.0
539 10106.0
540 10125.0
541 10115.0
542 10093.0
543 10057.0
544 10025.0
545 9990.0
546 9952.0
547 9874.0
548 9797.0
549 9730.0
550 9661.0
551 9520.0
552 9479.0
553 9450.0
554 9334.0
555 9299.0
556 9242.0
557 9232.0
558 9218.0
559 9167.0
560 9202.0
561 9237.0
562 9260.0
563 9301.0
564 9344.0
565 9392.0
566 9422.0
567 9477.0
568 9538.0
569 9598.0
570 9636.0
571 9698.0
572 9759.0
573 9784.0
574 9812.0
575 9865.0
576 9941.0
577 10018.0
578 10035.0
579 10078.0
580 10160.0
581 10242.0
582 10286.0
583 10372.0
584 10450.0
585 10539.0
586 10614.0
587 10704.0
588 10797.0
589 10869.0
590 10953.0
591 10989.0
592 11062.0
593 11107.0
594 11151.0
595 11205.0
596 11252.0
597 11297.0
598 11334.0
599 11301.0
600 11338.0
601 11337.0
602 11382.0
603 11389.0
604 11397.0
605 11371.0
606 11379.0
607 11393.0
608 11412.0
609 11428.0
610 11446.0
611 11429.0
612 11462.0
613 11410.0
614 11473.0
615 11475.0
616 11475.0
617 11522.0
618 11533.0
619 11555.0
620 11596.0
621 11665.0
622 11707.0
623 11773.0
624 11823.0
625 11841.0
626 11873.0
627 11895.0
628 11952.0
629 12008.0
630 12012.0
631 11985.0
632 11934.0
633 11878.0
634 11814.0
635 11753.0
636 11642.0
637 11494.0
638 11430.0
639 11365.0
640 11279.0
641 11212.0
642 11153.0
643 11101.0
644 11100.0
645 10934.0
646 10766.0
647 10695.0
648 10617.0
649 10534.0
650 10542.0
651 10550.0
652 10410.0
653 10417.0
654 10334.0
655 10330.0
656 10341.0
657 10345.0
658 10364.0
659 10326.0
660 10318.0
661 10343.0
662 10284.0
663 10310.0
664 10304.0
665 10182.0
666 10152.0
667 10126.0
668 10069.0
669 10067.0
670 10028.0
671 10046.0
672 10031.0
673 10039.0
674 10057.0
675 10060.0
676 10074.0
677 10080.0
678 10068.0
679 10083.0
680 10085.0
681 10064.0
682 10058.0
683 10054.0
684 10052.0
685 10022.0
686 9996.0
687 9995.0
688 9965.0
689 9970.0
690 9804.0
691 9769.0
692 9763.0
693 9711.0
694 9713.0
695 9656.0
696 9678.0
697 9701.0
698 9728.0
699 9711.0
700 9745.0
701 9736.0
702 9775.0
703 9777.0
704 9820.0
705 9789.0
706 9839.0
707 9866.0
708 9874.0
709 9901.0
710 9928.0
711 9978.0
712 10003.0
713 10054.0
714 10081.0
715 10120.0
716 10129.0
717 10175.0
718 10224.0
719 10274.0
720 10288.0
721 10250.0
722 10222.0
723 10174.0
724 10134.0
725 10092.0
726 10043.0
727 9949.0
728 9897.0
729 9847.0
730 9780.0
731 9686.0
732 9662.0
733 9634.0
734 9640.0
735 9614.0
736 9615.0
737 9633.0
738 9633.0
739 9650.0
740 9635.0
741 9669.0
742 9691.0
743 9720.0
744 9689.0
745 9714.0
746 9748.0
747 9726.0
748 9764.0
749 9802.0
750 9838.0
751 9814.0
752 9800.0
753 9820.0
754 9859.0
755 9846.0
756 9810.0
757 9847.0
758 9875.0
759 9923.0
760 9821.0
761 9818.0
762 9813.0
763 9876.0
764 9883.0
765 9946.0
766 9968.0
767 10025.0
768 10078.0
769 10129.0
770 10124.0
771 10120.0
772 10113.0
773 10143.0
774 10174.0
775 10210.0
776 10233.0
777 10272.0
778 10309.0
779 10328.0
780 10283.0
781 10330.0
782 10340.0
783 10318.0
784 10376.0
785 10378.0
786 10437.0
787 10496.0
788 10466.0
789 10524.0
790 10580.0
791 10590.0
792 10648.0
793 10663.0
794 10728.0
795 10793.0
796 10861.0
797 10928.0
798 10971.0
799 11019.0
800 11061.0
801 11074.0
802 11151.0
803 11230.0
804 11308.0
805 11385.0
806 11460.0
807 11525.0
808 11595.0
809 11670.0
810 11702.0
811 11696.0
812 11674.0
813 11637.0
814 11591.0
815 11544.0
816 11495.0
817 11364.0
818 11310.0
819 11156.0
820 11021.0
821 11002.0
822 10943.0
823 10885.0
824 10832.0
825 10787.0
826 10750.0
827 10667.0
828 10552.0
829 10570.0
830 10546.0
831 10523.0
832 10538.0
833 10507.0
834 10523.0
835 10500.0
836 10481.0
837 10450.0
838 10431.0
839 10371.0
840 10351.0
841 10373.0
842 10359.0
843 10382.0
844 10403.0
845 10334.0
846 10309.0
847 10320.0
848 10223.0
849 10148.0
850 10035.0
851 10076.0
852 10043.0
853 10016.0
854 9989.0
855 10008.0
856 9996.0
857 9931.0
858 9895.0
859 9891.0
860 9899.0
861 9915.0
862 9912.0
863 9835.0
864 9802.0
865 9805.0
866 9812.0
867 9775.0
868 9782.0
869 9733.0
870 9694.0
871 9714.0
872 9738.0
873 9764.0
874 9754.0
875 9780.0
876 9809.0
877 9839.0
878 9788.0
879 9819.0
880 9804.0
881 9789.0
882 9816.0
883 9851.0
884 9791.0
885 9828.0
886 9827.0
887 9815.0
888 9845.0
889 9885.0
890 9892.0
891 9940.0
892 9983.0
893 9992.0
894 10028.0
895 10039.0
896 10058.0
897 10114.0
898 10169.0
899 10228.0
900 10243.0
901 10235.0
902 10213.0
903 10178.0
904 10147.0
905 10116.0
906 10079.0
907 10043.0
908 9961.0
909 9916.0
910 9834.0
911 9768.0
912 9711.0
913 9648.0
914 9650.0
915 9522.0
916 9531.0
917 9365.0
918 9385.0
919 9406.0
920 9433.0
921 9412.0
922 9438.0
923 9378.0
924 9330.0
925 9320.0
926 9300.0
927 9282.0
928 9309.0
929 9296.0
930 9170.0
931 9157.0
932 9184.0
933 9211.0
934 9195.0
935 9227.0
936 9229.0
937 9260.0
938 9252.0
939 9215.0
940 9221.0
941 9217.0
942 9255.0
943 9213.0
944 9229.0
945 9231.0
946 9235.0
947 9272.0
948 9310.0
949 9347.0
950 9344.0
951 9362.0
952 9381.0
953 9396.0
954 9408.0
955 9426.0
956 9449.0
957 9475.0
958 9504.0
959 9529.0
960 9512.0
961 9522.0
962 9488.0
963 9529.0
964 9570.0
965 9607.0
966 9628.0
967 9663.0
968 9637.0
969 9672.0
970 9646.0
971 9609.0
972 9646.0
973 9684.0
974 9727.0
975 9707.0
976 9751.0
977 9715.0
978 9723.0
979 9776.0
980 9789.0
981 9842.0
982 9901.0
983 9922.0
984 9908.0
985 9933.0
986 9992.0
987 10020.0
988 10085.0
989 10086.0
990 10078.0
991 10078.0
992 10054.0
993 10005.0
994 9936.0
995 9902.0
996 9863.0
997 9784.0
998 9747.0
999 9673.0
1000 9658.0
1001 9555.0
1002 9561.0
1003 9441.0
1004 9427.0
1005 9437.0
1006 9372.0
1007 9400.0
1008 9364.0
1009 9249.0
1010 9280.0
1011 9270.0
1012 9312.0
1013 9350.0
1014 9344.0
1015 9285.0
1016 9277.0
1017 9281.0
1018 9312.0
1019 9283.0
1020 9267.0
1021 9262.0
1022 9240.0
1023 9235.0
1024 9215.0
1025 9243.0
1026 9270.0
1027 9255.0
1028 9241.0
1029 9223.0
1030 9170.0
1031 9163.0
1032 9062.0
1033 9067.0
1034 8986.0
1035 9021.0
1036 9055.0
1037 9036.0
1038 8975.0
1039 9013.0
1040 9037.0
1041 9047.0
1042 9055.0
1043 9075.0
1044 9093.0
1045 9067.0
1046 9101.0
1047 9129.0
1048 9167.0
1049 9206.0
1050 9251.0
1051 9224.0
1052 9189.0
1053 9222.0
1054 9241.0
1055 9251.0
1056 9269.0
1057 9221.0
1058 9269.0
1059 9273.0
1060 9319.0
1061 9368.0
1062 9326.0
1063 9314.0
1064 9368.0
1065 9384.0
1066 9375.0
1067 9438.0
1068 9460.0
1069 9533.0
1070 9609.0
1071 9640.0
1072 9720.0
1073 9801.0
1074 9883.0
1075 9920.0
1076 10000.0
1077 10081.0
1078 10134.0
1079 10217.0
1080 10245.0
1081 10185.0
1082 10173.0
1083 10103.0
1084 10070.0
1085 10041.0
1086 9963.0
1087 9883.0
1088 9805.0
1089 9775.0
1090 9713.0
1091 9664.0
1092 9570.0
1093 9589.0
1094 9577.0
1095 9605.0
1096 9601.0
1097 9538.0
1098 9494.0
1099 9490.0
1100 9524.0
1101 9484.0
1102 9518.0
1103 9494.0
1104 9468.0
1105 9492.0
1106 9449.0
1107 9400.0
1108 9424.0
1109 9417.0
1110 9412.0
1111 9363.0
1112 9306.0
1113 9336.0
1114 9287.0
1115 9321.0
1116 9354.0
1117 9345.0
1118 9331.0
1119 9323.0
1120 9278.0
1121 9301.0
1122 9299.0
1123 9331.0
1124 9334.0
1125 9330.0
1126 9355.0
1127 9351.0
1128 9372.0
1129 9387.0
1130 9409.0
1131 9367.0
1132 9363.0
1133 9375.0
1134 9387.0
1135 9360.0
1136 9374.0
1137 9364.0
1138 9383.0
1139 9398.0
1140 9425.0
1141 9355.0
1142 9355.0
1143 9318.0
1144 9353.0
1145 9388.0
1146 9420.0
1147 9453.0
1148 9430.0
1149 9473.0
1150 9474.0
1151 9518.0
1152 9565.0
1153 9614.0
1154 9634.0
1155 9689.0
1156 9751.0
1157 9817.0
1158 9884.0
1159 9933.0
1160 10004.0
1161 10057.0
1162 10122.0
1163 10198.0
1164 10266.0
1165 10345.0
1166 10423.0
1167 10502.0
1168 10582.0
1169 10657.0
1170 10690.0
1171 10640.0
1172 10635.0
1173 10608.0
1174 10548.0
1175 10528.0
1176 10507.0
1177 10377.0
1178 10357.0
1179 10334.0
1180 10240.0
1181 10266.0
1182 10260.0
1183 10263.0
1184 10250.0
1185 10213.0
1186 10076.0
1187 10089.0
1188 10102.0
1189 10059.0
1190 10066.0
1191 10123.0
1192 10040.0
1193 10095.0
1194 10147.0
1195 10159.0
1196 10180.0
1197 10174.0
1198 10149.0
1199 10149.0
1200 10134.0
1201 10161.0
1202 10212.0
1203 10253.0
1204 10302.0
1205 10333.0
1206 10382.0
1207 10430.0
1208 10481.0
1209 10479.0
1210 10467.0
1211 10490.0
1212 10460.0
1213 10492.0
1214 10463.0
1215 10484.0
1216 10514.0
1217 10572.0
1218 10577.0
1219 10632.0
1220 10671.0
1221 10699.0
1222 10684.0
1223 10612.0
1224 10615.0
1225 10621.0
1226 10628.0
1227 10639.0
1228 10651.0
1229 10663.0
1230 10573.0
1231 10502.0
1232 10521.0
1233 10555.0
1234 10535.0
1235 10574.0
1236 10585.0
1237 10628.0
1238 10613.0
1239 10659.0
1240 10679.0
1241 10733.0
1242 10786.0
1243 10841.0
1244 10851.0
1245 10913.0
1246 10980.0
1247 11025.0
1248 11069.0
1249 11131.0
1250 11195.0
1251 11252.0
1252 11311.0
1253 11369.0
1254 11431.0
1255 11435.0
1256 11469.0
1257 11528.0
1258 11587.0
1259 11610.0
1260 11618.0
1261 11603.0
1262 11549.0
1263 11511.0
1264 11467.0
1265 11418.0
1266 11369.0
1267 11270.0
1268 11188.0
1269 11124.0
1270 11018.0
1271 10896.0
1272 10882.0
1273 10800.0
1274 10745.0
1275 10703.0
1276 10654.0
1277 10585.0
1278 10514.0
1279 10463.0
1280 10428.0
1281 10394.0
1282 10326.0
1283 10251.0
1284 10227.0
1285 10163.0
1286 10172.0
1287 10146.0
1288 10165.0
1289 10128.0
1290 10060.0
1291 10077.0
1292 10106.0
1293 10123.0
1294 10142.0
1295 10181.0
1296 10106.0
1297 10152.0
1298 10161.0
1299 10151.0
1300 10204.0
1301 10218.0
1302 10275.0
1303 10298.0
1304 10340.0
1305 10395.0
1306 10444.0
1307 10461.0
1308 10506.0
1309 10549.0
1310 10577.0
1311 10599.0
1312 10615.0
1313 10626.0
1314 10640.0
1315 10661.0
1316 10684.0
1317 10711.0
1318 10743.0
1319 10776.0
1320 10786.0
1321 10796.0
1322 10808.0
1323 10795.0
1324 10837.0
1325 10897.0
1326 10860.0
1327 10922.0
1328 10942.0
1329 11013.0
1330 11012.0
1331 11087.0
1332 11119.0
1333 11163.0
1334 11241.0
1335 11319.0
1336 11398.0
1337 11440.0
1338 11487.0
1339 11523.0
1340 11605.0
1341 11641.0
1342 11679.0
1343 11719.0
1344 11808.0
1345 11895.0
1346 11981.0
1347 12022.0
1348 12069.0
1349 12156.0
1350 12197.0
1351 12219.0
1352 12222.0
1353 12215.0
1354 12201.0
1355 12099.0
1356 12081.0
1357 12062.0
1358 12037.0
1359 11977.0
1360 11854.0
1361 11867.0
1362 11784.0
1363 11772.0
1364 11653.0
1365 11609.0
1366 11467.0
1367 11445.0
1368 11395.0
1369 11404.0
1370 11421.0
1371 11443.0
1372 11427.0
1373 11428.0
1374 11477.0
1375 11468.0
1376 11417.0
1377 11453.0
1378 11483.0
1379 11536.0
1380 11543.0
1381 11484.0
1382 11338.0
1383 11357.0
1384 11375.0
1385 11402.0
1386 11386.0
1387 11458.0
1388 11419.0
1389 11484.0
1390 11520.0
1391 11536.0
1392 11621.0
1393 11630.0
1394 11723.0
1395 11818.0
1396 11906.0
1397 11954.0
1398 12037.0
1399 12115.0
1400 12182.0
1401 12239.0
1402 12288.0
1403 12335.0
1404 12379.0
1405 12391.0
1406 12441.0
1407 12492.0
1408 12548.0
1409 12571.0
1410 12546.0
1411 12560.0
1412 12539.0
1413 12554.0
1414 12577.0
1415 12551.0
1416 12619.0
1417 12586.0
1418 12603.0
1419 12675.0
1420 12698.0
1421 12779.0
1422 12813.0
1423 12902.0
1424 12948.0
1425 12998.0
1426 13041.0
1427 13083.0
1428 13180.0
1429 13136.0
1430 13236.0
1431 13336.0
1432 13438.0
1433 13544.0
1434 13605.0
1435 13685.0
1436 13789.0
1437 13882.0
1438 13934.0
1439 14041.0
1440 14100.0
1441 14126.0
1442 14138.0
1443 14089.0
1444 14074.0
1445 14054.0
1446 13977.0
1447 13893.0
1448 13812.0
1449 13708.0
1450 13651.0
1451 13594.0
1452 13491.0
1453 13514.0
1454 13417.0
1455 13442.0
1456 13404.0
1457 13349.0
1458 13346.0
1459 13307.0
1460 13143.0
1461 13091.0
1462 13122.0
1463 13101.0
1464 13084.0
1465 13067.0
1466 13046.0
1467 12947.0
1468 12858.0
1469 12794.0
1470 12713.0
1471 12659.0
1472 12586.0
1473 12580.0
1474 12465.0
1475 12467.0
1476 12505.0
1477 12429.0
1478 12415.0
1479 12453.0
1480 12465.0
1481 12391.0
1482 12414.0
1483 12454.0
1484 12474.0
1485 12467.0
1486 12467.0
1487 12463.0
1488 12499.0
1489 12506.0
1490 12486.0
1491 12447.0
1492 12461.0
1493 12414.0
1494 12416.0
1495 12414.0
1496 12414.0
1497 12423.0
1498 12433.0
1499 12438.0
1500 12414.0
1501 12353.0
1502 12315.0
1503 12327.0
1504 12325.0
1505 12336.0
1506 12268.0
1507 12329.0
1508 12355.0
1509 12384.0
1510 12384.0
1511 12413.0
1512 12449.0
1513 12428.0
1514 12431.0
1515 12458.0
1516 12517.0
1517 12547.0
1518 12534.0
1519 12611.0
1520 12692.0
1521 12770.0
1522 12848.0
1523 12850.0
1524 12855.0
1525 12887.0
1526 12947.0
1527 13030.0
1528 13113.0
1529 13124.0
1530 13172.0
1531 13193.0
1532 13194.0
1533 13170.0
1534 13145.0
1535 13110.0
1536 13003.0
1537 12965.0
1538 12881.0
1539 12772.0
1540 12694.0
1541 12639.0
1542 12560.0
1543 12511.0
1544 12500.0
1545 12467.0
1546 12468.0
1547 12449.0
1548 12370.0
1549 12308.0
1550 12321.0
1551 12264.0
1552 12234.0
1553 12185.0
1554 12197.0
1555 12217.0
1556 12181.0
1557 12197.0
1558 12177.0
1559 12203.0
1560 12218.0
1561 12232.0
1562 12226.0
1563 12143.0
1564 12180.0
1565 12218.0
1566 12177.0
1567 12210.0
1568 12160.0
1569 12197.0
1570 12194.0
1571 12235.0
1572 12246.0
1573 12297.0
1574 12313.0
1575 12327.0
1576 12376.0
1577 12394.0
1578 12426.0
1579 12480.0
1580 12458.0
1581 12488.0
1582 12479.0
1583 12494.0
1584 12476.0
1585 12463.0
1586 12471.0
1587 12477.0
1588 12431.0
1589 12437.0
1590 12386.0
1591 12272.0
1592 12240.0
1593 12186.0
1594 12172.0
1595 12152.0
1596 12113.0
1597 12062.0
1598 12003.0
1599 11945.0
1600 11899.0
1601 11872.0
1602 11798.0
1603 11816.0
1604 11834.0
1605 11852.0
1606 11799.0
1607 11816.0
1608 11762.0
1609 11742.0
1610 11757.0
1611 11752.0
1612 11774.0
1613 11796.0
1614 11779.0
1615 11764.0
1616 11775.0
1617 11757.0
1618 11741.0
1619 11730.0
1620 11702.0
1621 11649.0
1622 11531.0
1623 11468.0
1624 11362.0
1625 11237.0
1626 11165.0
1627 11087.0
1628 10968.0
1629 10885.0
1630 10828.0
1631 10671.0
1632 10637.0
1633 10569.0
1634 10551.0
1635 10510.0
1636 10498.0
1637 10334.0
1638 10280.0
1639 10211.0
1640 10214.0
1641 10137.0
1642 10067.0
1643 10045.0
1644 10005.0
1645 9980.0
1646 9987.0
1647 9973.0
1648 9882.0
1649 9864.0
1650 9865.0
1651 9878.0
1652 9881.0
1653 9894.0
1654 9906.0
1655 9916.0
1656 9875.0
1657 9874.0
1658 9880.0
1659 9897.0
1660 9925.0
1661 9957.0
1662 9935.0
1663 9978.0
1664 9972.0
1665 9985.0
1666 9975.0
1667 10029.0
1668 10088.0
1669 10147.0
1670 10196.0
1671 10185.0
1672 10219.0
1673 10247.0
1674 10272.0
1675 10299.0
1676 10322.0
1677 10347.0
1678 10326.0
1679 10352.0
1680 10337.0
1681 10314.0
1682 10346.0
1683 10354.0
1684 10397.0
1685 10398.0
1686 10441.0
1687 10466.0
1688 10461.0
1689 10509.0
1690 10507.0
1691 10554.0
1692 10571.0
1693 10617.0
1694 10680.0
1695 10744.0
1696 10809.0
1697 10844.0
1698 10879.0
1699 10845.0
1700 10892.0
1701 10949.0
1702 11021.0
1703 11023.0
1704 11095.0
1705 11135.0
1706 11200.0
1707 11261.0
1708 11303.0
1709 11328.0
1710 11343.0
1711 11331.0
1712 11276.0
1713 11202.0
1714 11158.0
1715 11111.0
1716 10999.0
1717 10902.0
1718 10850.0
1719 10795.0
1720 10673.0
1721 10605.0
1722 10463.0
1723 10391.0
1724 10385.0
1725 10354.0
1726 10360.0
1727 10292.0
1728 10211.0
1729 10212.0
1730 10228.0
1731 10245.0
1732 10206.0
1733 10205.0
1734 10226.0
1735 10149.0
1736 10124.0
1737 10115.0
1738 10135.0
1739 9985.0
1740 9945.0
1741 9945.0
1742 9934.0
1743 9909.0
1744 9927.0
1745 9951.0
1746 9953.0
1747 9986.0
1748 9958.0
1749 9966.0
1750 9962.0
1751 9921.0
1752 9955.0
1753 9981.0
1754 9949.0
1755 9958.0
1756 9998.0
1757 10007.0
1758 10073.0
1759 10136.0
1760 10188.0
1761 10204.0
1762 10240.0
1763 10273.0
1764 10304.0
1765 10331.0
1766 10357.0
1767 10379.0
1768 10396.0
1769 10412.0
1770 10355.0
1771 10382.0
1772 10411.0
1773 10443.0
1774 10476.0
1775 10511.0
1776 10514.0
1777 10553.0
1778 10558.0
1779 10548.0
1780 10591.0
1781 10554.0
1782 10599.0
1783 10643.0
1784 10616.0
1785 10592.0
1786 10542.0
1787 10510.0
1788 10558.0
1789 10604.0
1790 10600.0
1791 10589.0
1792 10551.0
1793 10555.0
1794 10546.0
1795 10495.0
1796 10490.0
1797 10466.0
1798 10449.0
1799 10421.0
1800 10422.0
1801 10396.0
1802 10275.0
1803 10227.0
1804 10097.0
1805 10045.0
1806 9982.0
1807 9935.0
1808 9797.0
1809 9707.0
1810 9646.0
1811 9553.0
1812 9537.0
1813 9540.0
1814 9565.0
1815 9502.0
1816 9528.0
1817 9520.0
1818 9466.0
1819 9455.0
1820 9396.0
1821 9420.0
1822 9373.0
1823 9360.0
1824 9326.0
1825 9354.0
1826 9356.0
1827 9386.0
1828 9388.0
1829 9381.0
1830 9423.0
1831 9399.0
1832 9443.0
1833 9490.0
1834 9525.0
1835 9580.0
1836 9581.0
1837 9600.0
1838 9661.0
1839 9717.0
1840 9694.0
1841 9758.0
1842 9780.0
1843 9840.0
1844 9913.0
1845 9992.0
1846 10064.0
1847 10138.0
1848 10218.0
1849 10301.0
1850 10340.0
1851 10399.0
1852 10424.0
1853 10469.0
1854 10514.0
1855 10558.0
1856 10599.0
1857 10638.0
1858 10676.0
1859 10645.0
1860 10686.0
1861 10595.0
1862 10618.0
1863 10620.0
1864 10647.0
1865 10690.0
1866 10662.0
1867 10660.0
1868 10660.0
1869 10659.0
1870 10711.0
1871 10705.0
1872 10753.0
1873 10802.0
1874 10801.0
1875 10766.0
1876 10780.0
1877 10676.0
1878 10673.0
1879 10669.0
1880 10697.0
1881 10738.0
1882 10730.0
1883 10766.0
1884 10744.0
1885 10695.0
1886 10731.0
1887 10730.0
1888 10770.0
1889 10813.0
1890 10824.0
1891 10813.0
1892 10787.0
1893 10750.0
1894 10709.0
1895 10673.0
1896 10636.0
1897 10561.0
1898 10531.0
1899 10502.0
1900 10506.0
1901 10429.0
1902 10460.0
1903 10402.0
1904 10385.0
1905 10347.0
1906 10338.0
1907 10316.0
1908 10322.0
1909 10278.0
1910 10315.0
1911 10246.0
1912 10186.0
1913 10159.0
1914 10159.0
1915 10206.0
1916 10201.0
1917 10250.0
1918 10278.0
1919 10225.0
1920 10241.0
1921 10298.0
1922 10355.0
1923 10418.0
1924 10479.0
1925 10538.0
1926 10542.0
1927 10573.0
1928 10599.0
1929 10656.0
1930 10711.0
1931 10758.0
1932 10801.0
1933 10852.0
1934 10868.0
1935 10883.0
1936 10938.0
1937 10964.0
1938 11023.0
1939 11054.0
1940 11105.0
1941 11148.0
1942 11186.0
1943 11226.0
1944 11265.0
1945 11309.0
1946 11355.0
1947 11366.0
1948 11370.0
1949 11348.0
1950 11407.0
1951 11391.0
1952 11419.0
1953 11496.0
1954 11576.0
1955 11660.0
1956 11745.0
1957 11721.0
1958 11801.0
1959 11879.0
1960 11907.0
1961 11915.0
1962 11991.0
1963 11977.0
1964 12016.0
1965 12072.0
1966 12145.0
1967 12127.0
1968 12158.0
1969 12131.0
1970 12154.0
1971 12200.0
1972 12264.0
1973 12279.0
1974 12313.0
1975 12333.0
1976 12399.0
1977 12467.0
1978 12534.0
1979 12547.0
1980 12578.0
1981 12557.0
1982 12546.0
1983 12528.0
1984 12511.0
1985 12493.0
1986 12458.0
1987 12442.0
1988 12434.0
1989 12425.0
1990 12392.0
1991 12421.0
1992 12412.0
1993 12461.0
1994 12466.0
1995 12468.0
1996 12375.0
1997 12293.0
1998 12291.0
1999 12248.0
2000 12284.0
2001 12068.0
2002 12106.0
2003 12024.0
2004 12071.0
2005 12045.0
2006 11987.0
2007 11941.0
2008 12002.0
2009 12052.0
2010 12069.0
2011 12119.0
2012 12135.0
2013 12131.0
2014 12196.0
2015 12258.0
2016 12310.0
2017 12332.0
2018 12394.0
2019 12418.0
2020 12479.0
2021 12538.0
2022 12602.0
2023 12671.0
2024 12742.0
2025 12777.0
2026 12850.0
2027 12846.0
2028 12894.0
2029 12937.0
2030 12973.0
2031 13027.0
2032 13061.0
2033 13111.0
2034 13161.0
2035 13206.0
2036 13252.0
2037 13297.0
2038 13345.0
2039 13350.0
2040 13356.0
2041 13309.0
2042 13346.0
2043 13293.0
2044 13303.0
2045 13347.0
2046 13385.0
2047 13419.0
2048 13445.0
2049 13466.0
2050 13462.0
2051 13427.0
2052 13395.0
2053 13358.0
2054 13375.0
2055 13337.0
2056 13359.0
2057 13353.0
2058 13266.0
2059 13305.0
2060 13328.0
2061 13371.0
2062 13366.0
2063 13407.0
2064 13454.0
2065 13447.0
2066 13395.0
2067 13452.0
2068 13517.0
2069 13585.0
2070 13606.0
2071 13541.0
2072 13517.0
2073 13430.0
2074 13340.0
2075 13293.0
2076 13248.0
2077 13207.0
2078 13134.0
2079 13053.0
2080 13052.0
2081 13017.0
2082 13037.0
2083 12975.0
2084 13008.0
2085 12900.0
2086 12879.0
2087 12870.0
2088 12841.0
2089 12799.0
2090 12834.0
2091 12841.0
2092 12841.0
2093 12889.0
2094 12876.0
2095 12879.0
2096 12900.0
2097 12887.0
2098 12897.0
2099 12897.0
2100 12954.0
2101 13008.0
2102 13015.0
2103 13032.0
2104 13050.0
2105 13064.0
2106 13087.0
2107 13076.0
2108 13110.0
2109 13128.0
2110 13159.0
2111 13150.0
2112 13168.0
2113 13238.0
2114 13246.0
2115 13314.0
2116 13362.0
2117 13417.0
2118 13468.0
2119 13529.0
2120 13571.0
2121 13584.0
2122 13628.0
2123 13664.0
2124 13699.0
2125 13735.0
2126 13770.0
2127 13806.0
2128 13844.0
2129 13807.0
2130 13758.0
2131 13727.0
2132 13761.0
2133 13715.0
2134 13678.0
2135 13640.0
2136 13675.0
2137 13666.0
2138 13694.0
2139 13636.0
2140 13578.0
2141 13597.0
2142 13500.0
2143 13529.0
2144 13594.0
2145 13604.0
2146 13619.0
2147 13694.0
2148 13777.0
2149 13860.0
2150 13939.0
2151 14020.0
2152 14074.0
2153 14153.0
2154 14231.0
2155 14254.0
2156 14323.0
2157 14358.0
2158 14422.0
2159 14435.0
2160 14443.0
2161 14410.0
2162 14365.0
2163 14291.0
2164 14234.0
2165 14134.0
2166 14071.0
2167 13951.0
2168 13800.0
2169 13734.0
2170 13579.0
2171 13516.0
2172 13414.0
2173 13320.0
2174 13273.0
2175 13253.0
2176 13242.0
2177 13255.0
2178 13285.0
2179 13210.0
2180 13232.0
2181 13100.0
2182 13067.0
2183 13011.0
2184 12944.0
2185 12946.0
2186 12931.0
2187 12899.0
2188 12769.0
2189 12798.0
2190 12778.0
2191 12712.0
2192 12733.0
2193 12752.0
2194 12773.0
2195 12700.0
2196 12733.0
2197 12678.0
2198 12719.0
2199 12726.0
2200 12686.0
2201 12710.0
2202 12735.0
2203 12741.0
2204 12791.0
2205 12839.0
2206 12811.0
2207 12792.0
2208 12788.0
2209 12800.0
2210 12811.0
2211 12841.0
2212 12838.0
2213 12855.0
2214 12870.0
2215 12891.0
2216 12906.0
2217 12921.0
2218 12942.0
2219 12954.0
2220 12901.0
2221 12863.0
2222 12899.0
2223 12876.0
2224 12821.0
2225 12732.0
2226 12706.0
2227 12689.0
2228 12729.0
2229 12747.0
2230 12739.0
2231 12792.0
2232 12847.0
2233 12907.0
2234 12910.0
2235 12942.0
2236 13005.0
2237 13030.0
2238 13096.0
2239 13164.0
2240 13201.0
2241 13182.0
2242 13233.0
2243 13273.0
2244 13318.0
2245 13362.0
2246 13399.0
2247 13428.0
2248 13472.0
2249 13465.0
2250 13470.0
2251 13447.0
2252 13393.0
2253 13349.0
2254 13299.0
2255 13246.0
2256 13107.0
2257 12945.0
2258 12893.0
2259 12845.0
2260 12742.0
2261 12621.0
2262 12599.0
2263 12534.0
2264 12497.0
2265 12541.0
2266 12418.0
2267 12371.0
2268 12422.0
2269 12337.0
2270 12292.0
2271 12226.0
2272 12227.0
2273 12176.0
2274 12157.0
2275 12182.0
2276 12178.0
2277 12086.0
2278 12088.0
2279 12042.0
2280 12046.0
2281 11933.0
2282 11891.0
2283 11888.0
2284 11792.0
2285 11846.0
2286 11906.0
2287 11844.0
2288 11869.0
2289 11804.0
2290 11874.0
2291 11905.0
2292 11923.0
2293 11968.0
2294 11969.0
2295 11981.0
2296 11965.0
2297 11904.0
2298 11909.0
2299 11852.0
2300 11811.0
2301 11828.0
2302 11790.0
2303 11795.0
2304 11754.0
2305 11763.0
2306 11778.0
2307 11786.0
2308 11808.0
2309 11786.0
2310 11716.0
2311 11717.0
2312 11705.0
2313 11655.0
2314 11642.0
2315 11674.0
2316 11734.0
2317 11735.0
2318 11743.0
2319 11810.0
2320 11826.0
2321 11892.0
2322 11962.0
2323 12003.0
2324 12068.0
2325 12105.0
2326 12141.0
2327 12151.0
2328 12166.0
2329 12228.0
2330 12229.0
2331 12254.0
2332 12270.0
2333 12261.0
2334 12304.0
2335 12332.0
2336 12400.0
2337 12469.0
2338 12539.0
2339 12599.0
2340 12618.0
2341 12604.0
2342 12572.0
2343 12532.0
2344 12487.0
2345 12444.0
2346 12404.0
2347 12252.0
2348 12212.0
2349 12037.0
2350 11969.0
2351 11864.0
2352 11822.0
2353 11722.0
2354 11624.0
2355 11600.0
2356 11554.0
2357 11485.0
2358 11432.0
2359 11350.0
2360 11341.0
2361 11313.0
2362 11298.0
2363 11314.0
2364 11349.0
2365 11341.0
2366 11313.0
2367 11353.0
2368 11338.0
2369 11326.0
2370 11371.0
2371 11345.0
2372 11397.0
2373 11353.0
2374 11403.0
2375 11409.0
2376 11414.0
2377 11407.0
2378 11463.0
2379 11476.0
2380 11494.0
2381 11505.0
2382 11516.0
2383 11566.0
2384 11622.0
2385 11675.0
2386 11680.0
2387 11661.0
2388 11673.0
2389 11700.0
2390 11635.0
2391 11670.0
2392 11575.0
2393 11603.0
2394 11593.0
2395 11625.0
2396 11662.0
2397 11705.0
2398 11685.0
2399 11739.0
2400 11783.0
2401 11811.0
2402 11812.0
2403 11878.0
2404 11882.0
2405 11954.0
2406 11965.0
2407 11970.0
2408 11994.0
2409 12029.0
2410 12102.0
2411 12091.0
2412 12159.0
2413 12203.0
2414 12272.0
2415 12298.0
2416 12291.0
2417 12373.0
2418 12455.0
2419 12478.0
2420 12555.0
2421 12598.0
2422 12639.0
2423 12691.0
2424 12770.0
2425 12845.0
2426 12866.0
2427 12913.0
2428 12974.0
2429 13057.0
2430 13077.0
2431 13067.0
2432 13049.0
2433 13018.0
2434 12979.0
2435 12936.0
2436 12892.0
2437 12791.0
2438 12748.0
2439 12599.0
2440 12441.0
2441 12350.0
2442 12259.0
2443 12252.0
2444 12203.0
2445 12137.0
2446 12095.0
2447 12074.0
2448 12079.0
2449 12083.0
2450 12040.0
2451 12073.0
2452 12057.0
2453 12121.0
2454 12185.0
2455 12170.0
2456 12235.0
2457 12276.0
2458 12342.0
2459 12401.0
2460 12457.0
2461 12491.0
2462 12543.0
2463 12539.0
2464 12591.0
2465 12562.0
2466 12564.0
2467 12540.0
2468 12557.0
2469 12563.0
2470 12567.0
2471 12570.0
2472 12629.0
2473 12688.0
2474 12711.0
2475 12766.0
2476 12782.0
2477 12736.0
2478 12764.0
2479 12737.0
2480 12747.0
2481 12762.0
2482 12766.0
2483 12768.0
2484 12700.0
2485 12705.0
2486 12703.0
2487 12698.0
2488 12695.0
2489 12692.0
2490 12588.0
2491 12555.0
2492 12464.0
2493 12443.0
2494 12421.0
2495 12401.0
2496 12347.0
2497 12315.0
2498 12273.0
2499 12232.0
2500 12230.0
2501 12150.0
2502 12154.0
2503 12158.0
2504 12138.0
2505 12092.0
2506 12076.0
2507 12017.0
2508 12032.0
2509 12046.0
2510 12035.0
2511 12055.0
2512 12080.0
2513 12058.0
2514 12084.0
2515 12085.0
2516 12092.0
2517 12105.0
2518 12107.0
2519 12140.0
2520 12090.0
2521 12021.0
2522 11936.0
2523 11834.0
2524 11775.0
2525 11719.0
2526 11666.0
2527 11616.0
2528 11486.0
2529 11434.0
2530 11363.0
2531 11308.0
2532 11155.0
2533 11132.0
2534 11111.0
2535 11092.0
2536 11095.0
2537 11094.0
2538 11096.0
2539 11058.0
2540 11092.0
2541 11128.0
2542 11155.0
2543 11148.0
2544 11144.0
2545 11126.0
2546 11154.0
2547 11161.0
2548 11172.0
2549 11204.0
2550 11236.0
2551 11257.0
2552 11297.0
2553 11335.0
2554 11338.0
2555 11346.0
2556 11353.0
2557 11270.0
2558 11279.0
2559 11315.0
2560 11332.0
2561 11372.0
2562 11391.0
2563 11402.0
2564 11458.0
2565 11490.0
2566 11517.0
2567 11560.0
2568 11599.0
2569 11644.0
2570 11678.0
2571 11703.0
2572 11701.0
2573 11710.0
2574 11718.0
2575 11724.0
2576 11733.0
2577 11739.0
2578 11750.0
2579 11763.0
2580 11722.0
2581 11744.0
2582 11697.0
2583 11725.0
2584 11669.0
2585 11661.0
2586 11656.0
2587 11625.0
2588 11618.0
2589 11626.0
2590 11602.0
2591 11572.0
2592 11614.0
2593 11503.0
2594 11551.0
2595 11536.0
2596 11529.0
2597 11536.0
2598 11502.0
2599 11492.0
2600 11520.0
2601 11503.0
2602 11532.0
2603 11552.0
2604 11588.0
2605 11656.0
2606 11694.0
2607 11745.0
2608 11705.0
2609 11744.0
2610 11751.0
2611 11734.0
2612 11713.0
2613 11697.0
2614 11676.0
2615 11642.0
2616 11611.0
2617 11580.0
2618 11548.0
2619 11517.0
2620 11460.0
2621 11379.0
2622 11351.0
2623 11283.0
2624 11253.0
2625 11237.0
2626 11212.0
2627 11225.0
2628 11211.0
2629 11159.0
2630 11172.0
2631 11149.0
2632 11141.0
2633 11130.0
2634 11082.0
2635 11083.0
2636 10979.0
2637 10977.0
2638 11003.0
2639 11049.0
2640 11095.0
2641 11140.0
2642 11144.0
2643 11195.0
2644 11248.0
2645 11289.0
2646 11233.0
2647 11297.0
2648 11364.0
2649 11404.0
2650 11424.0
2651 11500.0
2652 11577.0
2653 11649.0
2654 11696.0
2655 11768.0
2656 11747.0
2657 11780.0
2658 11794.0
2659 11866.0
2660 11899.0
2661 11951.0
2662 11974.0
2663 11972.0
2664 11997.0
2665 12035.0
2666 12067.0
2667 12100.0
2668 12132.0
2669 12157.0
2670 12108.0
2671 12051.0
2672 12081.0
2673 12081.0
2674 12051.0
2675 12092.0
2676 12038.0
2677 12013.0
2678 12062.0
2679 12012.0
2680 11983.0
2681 11975.0
2682 12014.0
2683 12079.0
2684 12146.0
2685 12140.0
2686 12185.0
2687 12078.0
2688 12111.0
2689 12142.0
2690 12228.0
2691 12268.0
2692 12358.0
2693 12418.0
2694 12510.0
2695 12578.0
2696 12606.0
2697 12705.0
2698 12812.0
2699 12864.0
2700 12931.0
2701 12865.0
2702 12879.0
2703 12858.0
2704 12832.0
2705 12790.0
2706 12747.0
2707 12676.0
2708 12638.0
2709 12606.0
2710 12494.0
2711 12487.0
2712 12393.0
2713 12398.0
2714 12304.0
2715 12321.0
2716 12307.0
2717 12245.0
2718 12202.0
2719 12241.0
2720 12284.0
2721 12201.0
2722 12243.0
2723 12284.0
2724 12216.0
2725 12188.0
2726 12148.0
2727 12122.0
2728 12107.0
2729 12095.0
2730 12132.0
2731 12151.0
2732 12198.0
2733 12203.0
2734 12247.0
2735 12278.0
2736 12328.0
2737 12349.0
2738 12405.0
2739 12462.0
2740 12517.0
2741 12516.0
2742 12573.0
2743 12632.0
2744 12690.0
2745 12635.0
2746 12636.0
2747 12563.0
2748 12566.0
2749 12480.0
2750 12467.0
2751 12423.0
2752 12345.0
2753 12345.0
2754 12313.0
2755 12309.0
2756 12305.0
2757 12300.0
2758 12291.0
2759 12288.0
2760 12127.0
2761 12138.0
2762 12098.0
2763 12107.0
2764 12088.0
2765 12007.0
2766 12029.0
2767 12054.0
2768 11982.0
2769 12009.0
2770 11989.0
2771 11932.0
2772 11922.0
2773 11930.0
2774 11924.0
2775 11940.0
2776 11905.0
2777 11962.0
2778 11954.0
2779 11955.0
2780 11973.0
2781 11971.0
2782 12029.0
2783 12058.0
2784 12090.0
2785 12153.0
2786 12176.0
2787 12247.0
2788 12298.0
2789 12377.0
2790 12390.0
2791 12375.0
2792 12369.0
2793 12349.0
2794 12319.0
2795 12280.0
2796 12244.0
2797 12210.0
2798 12167.0
2799 12121.0
2800 12045.0
2801 11991.0
2802 11952.0
2803 11927.0
2804 11901.0
2805 11764.0
2806 11670.0
2807 11611.0
2808 11549.0
2809 11467.0
2810 11431.0
2811 11362.0
2812 11362.0
2813 11400.0
2814 11366.0
2815 11366.0
2816 11356.0
2817 11330.0
2818 11382.0
2819 11405.0
2820 11444.0
2821 11413.0
2822 11468.0
2823 11374.0
2824 11396.0
2825 11372.0
2826 11438.0
2827 11469.0
2828 11491.0
2829 11566.0
2830 11632.0
2831 11656.0
2832 11719.0
2833 11736.0
2834 11795.0
2835 11866.0
2836 11928.0
2837 11928.0
2838 11930.0
2839 11981.0
2840 12023.0
2841 12013.0
2842 12009.0
2843 11994.0
2844 12018.0
2845 12038.0
2846 12065.0
2847 12091.0
2848 12116.0
2849 12140.0
2850 12029.0
2851 12074.0
2852 12069.0
2853 12064.0
2854 12124.0
2855 12178.0
2856 12220.0
2857 12190.0
2858 12260.0
2859 12283.0
2860 12312.0
2861 12386.0
2862 12469.0
2863 12509.0
2864 12596.0
2865 12685.0
2866 12743.0
2867 12833.0
2868 12886.0
2869 12972.0
2870 13055.0
2871 13103.0
2872 13152.0
2873 13198.0
2874 13274.0
2875 13322.0
2876 13398.0
2877 13414.0
2878 13485.0
2879 13553.0
2880 13518.0
2881 13495.0
2882 13473.0
2883 13442.0
2884 13386.0
2885 13339.0
2886 13292.0
2887 13200.0
2888 13142.0
2889 13077.0
2890 12987.0
2891 12860.0
2892 12803.0
2893 12692.0
2894 12680.0
2895 12601.0
2896 12443.0
2897 12369.0
2898 12249.0
2899 12101.0
2900 12084.0
2901 11959.0
2902 11887.0
2903 11817.0
2904 11834.0
2905 11742.0
2906 11770.0
2907 11754.0
2908 11741.0
2909 11704.0
2910 11694.0
2911 11724.0
2912 11666.0
2913 11613.0
2914 11652.0
2915 11682.0
2916 11606.0
2917 11641.0
2918 11497.0
2919 11498.0
2920 11459.0
2921 11459.0
2922 11488.0
2923 11469.0
2924 11486.0
2925 11518.0
2926 11497.0
2927 11524.0
2928 11489.0
2929 11521.0
2930 11507.0
2931 11483.0
2932 11500.0
2933 11510.0
2934 11515.0
2935 11530.0
2936 11542.0
2937 11566.0
2938 11588.0
2939 11613.0
2940 11606.0
2941 11564.0
2942 11574.0
2943 11583.0
2944 11628.0
2945 11622.0
2946 11662.0
2947 11696.0
2948 11691.0
2949 11644.0
2950 11633.0
2951 11627.0
2952 11618.0
2953 11677.0
2954 11731.0
2955 11734.0
2956 11790.0
2957 11847.0
2958 11904.0
2959 11910.0
2960 11960.0
2961 11962.0
2962 11960.0
2963 12016.0
2964 12012.0
2965 12066.0
2966 12119.0
2967 12127.0
2968 12183.0
2969 12199.0
2970 12216.0
2971 12166.0
2972 12092.0
2973 12053.0
2974 11966.0
2975 11914.0
2976 11822.0
2977 11710.0
2978 11615.0
2979 11507.0
2980 11337.0
2981 11313.0
2982 11294.0
2983 11204.0
2984 11196.0
2985 11106.0
2986 11075.0
2987 10815.0
2988 10815.0
2989 10795.0
2990 10751.0
2991 10646.0
2992 10618.0
2993 10598.0
2994 10592.0
2995 10579.0
2996 10566.0
2997 10555.0
2998 10540.0
2999 10528.0
3000 10424.0
3001 10414.0
3002 10430.0
3003 10269.0
3004 10287.0
3005 10259.0
3006 10231.0
3007 10201.0
3008 10212.0
3009 10203.0
3010 10119.0
3011 10065.0
3012 10077.0
3013 10088.0
3014 10086.0
3015 10084.0
3016 10090.0
3017 10055.0
3018 10058.0
3019 10055.0
3020 10048.0
3021 10022.0
3022 10015.0
3023 10009.0
3024 9993.0
3025 9991.0
3026 9993.0
3027 9994.0
3028 9998.0
3029 9947.0
3030 9903.0
3031 9876.0
3032 9810.0
3033 9806.0
3034 9816.0
3035 9832.0
3036 9859.0
3037 9864.0
3038 9910.0
3039 9918.0
3040 9968.0
3041 9971.0
3042 9974.0
3043 10025.0
3044 10017.0
3045 10051.0
3046 10100.0
3047 10145.0
3048 10188.0
3049 10199.0
3050 10243.0
3051 10289.0
3052 10334.0
3053 10376.0
3054 10419.0
3055 10462.0
3056 10505.0
3057 10547.0
3058 10590.0
3059 10551.0
3060 10551.0
3061 10520.0
3062 10479.0
3063 10423.0
3064 10364.0
3065 10300.0
3066 10234.0
3067 10071.0
3068 10006.0
3069 9902.0
3070 9764.0
3071 9679.0
3072 9667.0
3073 9547.0
3074 9506.0
3075 9444.0
3076 9444.0
3077 9428.0
3078 9401.0
3079 9413.0
3080 9457.0
3081 9451.0
3082 9495.0
3083 9492.0
3084 9435.0
3085 9478.0
3086 9467.0
3087 9455.0
3088 9404.0
3089 9384.0
3090 9386.0
3091 9402.0
3092 9378.0
3093 9390.0
3094 9390.0
3095 9421.0
3096 9409.0
3097 9413.0
3098 9439.0
3099 9436.0
3100 9472.0
3101 9508.0
3102 9510.0
3103 9553.0
3104 9591.0
3105 9628.0
3106 9675.0
3107 9725.0
3108 9771.0
3109 9818.0
3110 9848.0
3111 9852.0
3112 9871.0
3113 9885.0
3114 9901.0
3115 9914.0
3116 9925.0
3117 9935.0
3118 9948.0
3119 9960.0
3120 9933.0
3121 9910.0
3122 9885.0
3123 9827.0
3124 9805.0
3125 9825.0
3126 9738.0
3127 9700.0
3128 9658.0
3129 9649.0
3130 9640.0
3131 9637.0
3132 9568.0
3133 9560.0
3134 9560.0
3135 9533.0
3136 9561.0
3137 9509.0
3138 9459.0
3139 9485.0
3140 9463.0
3141 9441.0
3142 9380.0
3143 9387.0
3144 9373.0
3145 9398.0
3146 9422.0
3147 9443.0
3148 9464.0
3149 9435.0
3150 9412.0
3151 9317.0
3152 9258.0
3153 9186.0
3154 9110.0
3155 9035.0
3156 8960.0
3157 8890.0
3158 8778.0
3159 8711.0
3160 8623.0
3161 8546.0
3162 8490.0
3163 8446.0
3164 8318.0
3165 8252.0
3166 8183.0
3167 8143.0
3168 8038.0
3169 8004.0
3170 7987.0
3171 7918.0
3172 7935.0
3173 7930.0
3174 7979.0
3175 7967.0
3176 8010.0
3177 7982.0
3178 7985.0
3179 8029.0
3180 8071.0
3181 8070.0
3182 8110.0
3183 8130.0
3184 8122.0
3185 8166.0
3186 8210.0
3187 8229.0
3188 8260.0
3189 8264.0
3190 8296.0
3191 8313.0
3192 8375.0
3193 8426.0
3194 8493.0
3195 8538.0
3196 8543.0
3197 8599.0
3198 8641.0
3199 8698.0
3200 8743.0
3201 8781.0
3202 8814.0
3203 8845.0
3204 8866.0
3205 8888.0
3206 8910.0
3207 8905.0
3208 8924.0
3209 8939.0
3210 8914.0
3211 8839.0
3212 8825.0
3213 8812.0
3214 8752.0
3215 8746.0
3216 8693.0
3217 8689.0
3218 8684.0
3219 8640.0
3220 8599.0
3221 8599.0
3222 8578.0
3223 8517.0
3224 8502.0
3225 8483.0
3226 8527.0
3227 8452.0
3228 8406.0
3229 8429.0
3230 8400.0
3231 8377.0
3232 8398.0
3233 8357.0
3234 8376.0
3235 8375.0
3236 8394.0
3237 8422.0
3238 8450.0
3239 8478.0
3240 8409.0
3241 8361.0
3242 8312.0
3243 8237.0
3244 8185.0
3245 8097.0
3246 8050.0
3247 8007.0
3248 7906.0
3249 7834.0
3250 7821.0
3251 7702.0
3252 7679.0
3253 7621.0
3254 7581.0
3255 7569.0
3256 7595.0
3257 7592.0
3258 7537.0
3259 7460.0
3260 7406.0
3261 7424.0
3262 7427.0
3263 7397.0
3264 7340.0
3265 7292.0
3266 7288.0
3267 7277.0
3268 7301.0
3269 7250.0
3270 7266.0
3271 7263.0
3272 7257.0
3273 7283.0
3274 7166.0
3275 7198.0
3276 7206.0
3277 7222.0
3278 7220.0
3279 7245.0
3280 7281.0
3281 7322.0
3282 7360.0
3283 7385.0
3284 7424.0
3285 7457.0
3286 7484.0
3287 7438.0
3288 7421.0
3289 7390.0
3290 7395.0
3291 7378.0
3292 7374.0
3293 7379.0
3294 7383.0
3295 7387.0
3296 7387.0
3297 7387.0
3298 7378.0
3299 7375.0
3300 7376.0
3301 7323.0
3302 7251.0
3303 7177.0
3304 7187.0
3305 7128.0
3306 7144.0
3307 7045.0
3308 7065.0
3309 7022.0
3310 7052.0
3311 6917.0
3312 6877.0
3313 6904.0
3314 6836.0
3315 6794.0
3316 6826.0
3317 6834.0
3318 6803.0
3319 6811.0
3320 6744.0
3321 6667.0
3322 6629.0
3323 6611.0
3324 6612.0
3325 6584.0
3326 6574.0
3327 6550.0
3328 6556.0
3329 6506.0
3330 6482.0
3331 6436.0
3332 6407.0
3333 6370.0
3334 6303.0
3335 6268.0
3336 6239.0
3337 6180.0
3338 6116.0
3339 6097.0
3340 6004.0
3341 5997.0
3342 5973.0
3343 5909.0
3344 5939.0
3345 5891.0
3346 5893.0
3347 5832.0
3348 5812.0
3349 5773.0
3350 5694.0
3351 5656.0
3352 5574.0
3353 5586.0
3354 5583.0
3355 5524.0
3356 5556.0
3357 5596.0
3358 5639.0
3359 5683.0
3360 5728.0
3361 5744.0
3362 5787.0
3363 5822.0
3364 5866.0
3365 5869.0
3366 5915.0
3367 5960.0
3368 5984.0
3369 6003.0
3370 6033.0
3371 6063.0
3372 6056.0
3373 6087.0
3374 6087.0
3375 6124.0
3376 6107.0
3377 6124.0
3378 6146.0
3379 6185.0
3380 6186.0
3381 6179.0
3382 6207.0
3383 6202.0
3384 6222.0
3385 6249.0
3386 6242.0
3387 6271.0
3388 6297.0
3389 6324.0
3390 6300.0
3391 6331.0
3392 6279.0
3393 6316.0
3394 6330.0
3395 6352.0
3396 6335.0
3397 6388.0
3398 6416.0
3399 6440.0
3400 6468.0
3401 6492.0
3402 6459.0
3403 6471.0
3404 6443.0
3405 6468.0
3406 6495.0
3407 6520.0
3408 6540.0
3409 6567.0
3410 6616.0
3411 6668.0
3412 6666.0
3413 6723.0
3414 6732.0
3415 6700.0
3416 6705.0
3417 6764.0
3418 6827.0
3419 6894.0
3420 6919.0
3421 6893.0
3422 6879.0
3423 6857.0
3424 6828.0
3425 6799.0
3426 6743.0
3427 6676.0
3428 6604.0
3429 6535.0
3430 6526.0
3431 6414.0
3432 6292.0
3433 6309.0
3434 6274.0
3435 6197.0
3436 6137.0
3437 6106.0
3438 6013.0
3439 5992.0
3440 5999.0
3441 6008.0
3442 6017.0
3443 6024.0
3444 5978.0
3445 5989.0
3446 6002.0
3447 5999.0
3448 5973.0
3449 5995.0
3450 6019.0
3451 5984.0
3452 6007.0
3453 6031.0
3454 6034.0
3455 6056.0
3456 6043.0
3457 5942.0
3458 5881.0
3459 5883.0
3460 5824.0
3461 5842.0
3462 5827.0
3463 5856.0
3464 5799.0
3465 5824.0
3466 5851.0
3467 5806.0
3468 5843.0
3469 5836.0
3470 5870.0
3471 5818.0
3472 5796.0
3473 5824.0
3474 5854.0
3475 5886.0
3476 5921.0
3477 5958.0
3478 5944.0
3479 5984.0
3480 6022.0
3481 6064.0
3482 6107.0
3483 6106.0
3484 6152.0
3485 6200.0
3486 6244.0
3487 6288.0
3488 6280.0
3489 6324.0
3490 6370.0
3491 6415.0
3492 6413.0
3493 6457.0
3494 6455.0
3495 6433.0
3496 6447.0
3497 6492.0
3498 6490.0
3499 6466.0
3500 6497.0
3501 6459.0
3502 6501.0
3503 6520.0
3504 6511.0
3505 6539.0
3506 6599.0
3507 6660.0
3508 6692.0
3509 6758.0
3510 6758.0
3511 6765.0
3512 6756.0
3513 6736.0
3514 6708.0
3515 6674.0
3516 6633.0
3517 6591.0
3518 6543.0
3519 6501.0
3520 6389.0
3521 6343.0
3522 6304.0
3523 6281.0
3524 6250.0
3525 6243.0
3526 6215.0
3527 6135.0
3528 6146.0
3529 6124.0
3530 6134.0
3531 6091.0
3532 6098.0
3533 6105.0
3534 6113.0
3535 6056.0
3536 5956.0
3537 5899.0
3538 5911.0
3539 5922.0
3540 5860.0
3541 5818.0
3542 5792.0
3543 5811.0
3544 5787.0
3545 5716.0
3546 5733.0
3547 5666.0
3548 5658.0
3549 5649.0
3550 5583.0
3551 5602.0
3552 5624.0
3553 5648.0
3554 5671.0
3555 5675.0
3556 5699.0
3557 5719.0
3558 5742.0
3559 5761.0
3560 5769.0
3561 5780.0
3562 5790.0
3563 5800.0
3564 5807.0
3565 5791.0
3566 5804.0
3567 5808.0
3568 5818.0
3569 5795.0
3570 5757.0
3571 5694.0
3572 5706.0
3573 5703.0
3574 5715.0
3575 5682.0
3576 5695.0
3577 5705.0
3578 5720.0
3579 5649.0
3580 5672.0
3581 5669.0
3582 5696.0
3583 5666.0
3584 5634.0
3585 5631.0
3586 5668.0
3587 5668.0
3588 5711.0
3589 5726.0
3590 5770.0
3591 5788.0
3592 5811.0
3593 5821.0
3594 5863.0
3595 5900.0
3596 5868.0
3597 5914.0
3598 5939.0
3599 5976.0
3600 5961.0
3601 5945.0
3602 5918.0
3603 5884.0
3604 5846.0
3605 5805.0
3606 5762.0
3607 5676.0
3608 5630.0
3609 5497.0
3610 5378.0
3611 5323.0
3612 5284.0
3613 5224.0
3614 5229.0
3615 5237.0
3616 5250.0
3617 5261.0
3618 5226.0
3619 5196.0
3620 5167.0
3621 5184.0
3622 5184.0
3623 5105.0
3624 5094.0
3625 5121.0
3626 5149.0
3627 5178.0
3628 5210.0
3629 5243.0
3630 5279.0
3631 5304.0
3632 5328.0
3633 5362.0
3634 5341.0
3635 5384.0
3636 5413.0
3637 5446.0
3638 5416.0
3639 5425.0
3640 5472.0
3641 5492.0
3642 5545.0
3643 5599.0
3644 5647.0
3645 5705.0
3646 5712.0
3647 5739.0
3648 5798.0
3649 5824.0
3650 5843.0
3651 5887.0
3652 5900.0
3653 5940.0
3654 5983.0
3655 6032.0
3656 6075.0
3657 6121.0
3658 6167.0
3659 6185.0
3660 6198.0
3661 6181.0
3662 6149.0
3663 6131.0
3664 6163.0
3665 6152.0
3666 6095.0
3667 6138.0
3668 6181.0
3669 6178.0
3670 6222.0
3671 6215.0
3672 6264.0
3673 6314.0
3674 6366.0
3675 6345.0
3676 6352.0
3677 6405.0
3678 6456.0
3679 6505.0
3680 6551.0
3681 6584.0
3682 6626.0
3683 6664.0
3684 6693.0
3685 6637.0
3686 6666.0
3687 6679.0
3688 6707.0
3689 6733.0
3690 6731.0
3691 6711.0
3692 6632.0
3693 6592.0
3694 6549.0
3695 6504.0
3696 6456.0
3697 6354.0
3698 6296.0
3699 6244.0
3700 6146.0
3701 6054.0
3702 6008.0
3703 5960.0
3704 5901.0
3705 5897.0
3706 5864.0
3707 5768.0
3708 5690.0
3709 5606.0
3710 5556.0
3711 5520.0
3712 5537.0
3713 5508.0
3714 5481.0
3715 5505.0
3716 5496.0
3717 5523.0
3718 5547.0
3719 5573.0
3720 5599.0
3721 5625.0
3722 5612.0
3723 5639.0
3724 5610.0
3725 5600.0
3726 5488.0
3727 5498.0
3728 5484.0
3729 5409.0
3730 5436.0
3731 5401.0
3732 5429.0
3733 5423.0
3734 5454.0
3735 5440.0
3736 5463.0
3737 5453.0
3738 5476.0
3739 5429.0
3740 5406.0
3741 5401.0
3742 5372.0
3743 5372.0
3744 5371.0
3745 5369.0
3746 5362.0
3747 5359.0
3748 5300.0
3749 5297.0
3750 5254.0
3751 5216.0
3752 5121.0
3753 5119.0
3754 5124.0
3755 5122.0
3756 5106.0
3757 5114.0
3758 5126.0
3759 5140.0
3760 5103.0
3761 5113.0
3762 5081.0
3763 5091.0
3764 5101.0
3765 5114.0
3766 5116.0
3767 5097.0
3768 5095.0
3769 5082.0
3770 5079.0
3771 5096.0
3772 5082.0
3773 5096.0
3774 5107.0
3775 5117.0
3776 5127.0
3777 5136.0
3778 5146.0
3779 5135.0
3780 5128.0
3781 5112.0
3782 5076.0
3783 5046.0
3784 5006.0
3785 4976.0
3786 4948.0
3787 4879.0
3788 4853.0
3789 4824.0
3790 4758.0
3791 4749.0
3792 4742.0
3793 4721.0
3794 4673.0
3795 4644.0
3796 4600.0
3797 4608.0
3798 4603.0
3799 4559.0
3800 4567.0
3801 4523.0
3802 4531.0
3803 4537.0
3804 4500.0
3805 4459.0
3806 4386.0
3807 4352.0
3808 4346.0
3809 4355.0
3810 4366.0
3811 4375.0
3812 4386.0
3813 4305.0
3814 4312.0
3815 4318.0
3816 4324.0
3817 4301.0
3818 4308.0
3819 4315.0
3820 4298.0
3821 4238.0
3822 4244.0
3823 4252.0
3824 4178.0
3825 4131.0
3826 4135.0
3827 4102.0
3828 4056.0
3829 4051.0
3830 4013.0
3831 3970.0
3832 3961.0
3833 3943.0
3834 3930.0
3835 3918.0
3836 3908.0
3837 3897.0
3838 3888.0
3839 3881.0
3840 3780.0
3841 3681.0
3842 3681.0
3843 3597.0
3844 3565.0
3845 3521.0
3846 3519.0
3847 3517.0
3848 3455.0
3849 3423.0
3850 3420.0
3851 3417.0
3852 3405.0
3853 3342.0
3854 3241.0
3855 3236.0
3856 3132.0
3857 3079.0
3858 3036.0
3859 3028.0
3860 3018.0
3861 2970.0
3862 2959.0
3863 2947.0
3864 2933.0
3865 2902.0
3866 2888.0
3867 2873.0
3868 2859.0
3869 2845.0
3870 2824.0
3871 2803.0
3872 2765.0
3873 2755.0
3874 2747.0
3875 2741.0
3876 2737.0
3877 2675.0
3878 2671.0
3879 2667.0
3880 2615.0
3881 2569.0
3882 2571.0
3883 2574.0
3884 2579.0
3885 2584.0
3886 2591.0
3887 2551.0
3888 2557.0
3889 2564.0
3890 2573.0
3891 2582.0
3892 2592.0
3893 2600.0
3894 2610.0
3895 2621.0
3896 2633.0
3897 2602.0
3898 2612.0
3899 2623.0
3900 2634.0
3901 2644.0
3902 2653.0
3903 2662.0
3904 2670.0
3905 2677.0
3906 2683.0
3907 2648.0
3908 2654.0
3909 2620.0
3910 2626.0
3911 2632.0
3912 2637.0
3913 2643.0
3914 2649.0
3915 2654.0
3916 2657.0
3917 2659.0
3918 2659.0
3919 2659.0
3920 2656.0
3921 2650.0
3922 2642.0
3923 2634.0
3924 2625.0
3925 2616.0
3926 2607.0
3927 2598.0
3928 2556.0
3929 2548.0
3930 2385.0
3931 2321.0
3932 2232.0
3933 2229.0
3934 2172.0
3935 2101.0
3936 2100.0
3937 2019.0
3938 2019.0
3939 1972.0
3940 1971.0
3941 1922.0
3942 1919.0
3943 1915.0
3944 1910.0
3945 1904.0
3946 1898.0
3947 1892.0
3948 1886.0
3949 1879.0
3950 1870.0
3951 1861.0
3952 1851.0
3953 1839.0
3954 1826.0
3955 1770.0
3956 1718.0
3957 1709.0
3958 1702.0
3959 1698.0
3960 1693.0
3961 1689.0
3962 1688.0
3963 1690.0
3964 1696.0
3965 1704.0
3966 1712.0
3967 1719.0
3968 1725.0
3969 1732.0
3970 1739.0
3971 1746.0
3972 1753.0
3973 1757.0
3974 1760.0
3975 1763.0
3976 1766.0
3977 1770.0
3978 1774.0
3979 1778.0
3980 1781.0
3981 1785.0
3982 1789.0
3983 1792.0
3984 1796.0
3985 1799.0
3986 1801.0
3987 1804.0
3988 1807.0
3989 1811.0
3990 1813.0
3991 1815.0
3992 1777.0
3993 1778.0
3994 1778.0
3995 1777.0
3996 1735.0
3997 1732.0
3998 1729.0
3999 1725.0
